==================================================================================
gen|  eval  |    f_opt    |    f_max    |    f_avg    |    f_min    |    f_std    
----------------------------------------------------------------------------------
 0 |  400   |     1431    |     5263    | 2.57228E+03 |     1431    | 6.25232E+02 
 1 |  800   |     1431    |     2346    | 2.04207E+03 |     1431    | 2.10405E+02 
 2 |  1200  |     1431    |     2080    | 1.87288E+03 |     1431    | 1.50163E+02 
 3 |  1600  |     1376    |     1921    | 1.75966E+03 |     1376    | 1.27691E+02 
 4 |  2000  |     1281    |     1827    | 1.68197E+03 |     1281    | 1.12559E+02 
 5 |  2400  |     1281    |     1742    | 1.61335E+03 |     1281    | 8.98359E+01 
 6 |  2800  |     1269    |     1668    | 1.56328E+03 |     1269    | 7.57683E+01 
 7 |  3200  |     1269    |     1622    | 1.52773E+03 |     1269    | 6.88174E+01 
 8 |  3600  |     1269    |     1576    | 1.49536E+03 |     1269    | 6.00526E+01 
 9 |  4000  |     1269    |     1542    | 1.47047E+03 |     1269    | 5.46504E+01 
 10|  4400  |     1269    |     1513    | 1.44458E+03 |     1269    | 5.11443E+01 
 11|  4800  |     1269    |     1489    | 1.42770E+03 |     1269    | 4.72457E+01 
 12|  5200  |     1247    |     1465    | 1.40665E+03 |     1247    | 4.49815E+01 
 13|  5600  |     1247    |     1444    | 1.38813E+03 |     1247    | 4.09169E+01 
 14|  6000  |     1213    |     1420    | 1.36618E+03 |     1213    | 3.83552E+01 
 15|  6400  |     1205    |     1398    | 1.35153E+03 |     1205    | 3.72590E+01 
 16|  6800  |     1204    |     1381    | 1.33712E+03 |     1204    | 3.60840E+01 
 17|  7200  |     1177    |     1367    | 1.32408E+03 |     1177    | 3.59434E+01 
 18|  7600  |     1175    |     1354    | 1.31172E+03 |     1175    | 3.49291E+01 
 19|  8000  |     1175    |     1340    | 1.29857E+03 |     1175    | 3.39620E+01 
 20|  8400  |     1175    |     1331    | 1.29000E+03 |     1175    | 3.32027E+01 
 21|  8800  |     1175    |     1320    | 1.27914E+03 |     1175    | 3.24351E+01 
 22|  9200  |     1166    |     1312    | 1.26936E+03 |     1166    | 3.17369E+01 
 23|  9600  |     1153    |     1297    | 1.25941E+03 |     1153    | 3.16104E+01 
 24| 10000  |     1152    |     1290    | 1.25329E+03 |     1152    | 3.09167E+01 
 25| 10400  |     1152    |     1281    | 1.24543E+03 |     1152    | 3.00865E+01 
 26| 10800  |     1120    |     1273    | 1.23520E+03 |     1120    | 3.05364E+01 
 27| 11200  |     1082    |     1264    | 1.22380E+03 |     1082    | 3.07866E+01 
 28| 11600  |     1082    |     1249    | 1.21334E+03 |     1082    | 2.82982E+01 
 29| 12000  |     1082    |     1237    | 1.20298E+03 |     1082    | 2.57390E+01 
 30| 12400  |     1082    |     1225    | 1.19372E+03 |     1082    | 2.33469E+01 
 31| 12800  |     1079    |     1214    | 1.18552E+03 |     1079    | 2.27994E+01 
 32| 13200  |     1058    |     1204    | 1.17617E+03 |     1058    | 2.33940E+01 
 33| 13600  |     1058    |     1195    | 1.16968E+03 |     1058    | 2.35600E+01 
 34| 14000  |     1058    |     1191    | 1.16388E+03 |     1058    | 2.33636E+01 
 35| 14400  |     1058    |     1185    | 1.15884E+03 |     1058    | 2.31266E+01 
 36| 14800  |     1058    |     1179    | 1.15244E+03 |     1058    | 2.32820E+01 
 37| 15200  |     1058    |     1172    | 1.14681E+03 |     1058    | 2.26872E+01 
 38| 15600  |     1058    |     1167    | 1.14159E+03 |     1058    | 2.18405E+01 
 39| 16000  |     1058    |     1160    | 1.13562E+03 |     1058    | 2.12451E+01 
 40| 16400  |     1058    |     1154    | 1.12891E+03 |     1058    | 2.01114E+01 
 41| 16800  |     1058    |     1148    | 1.12464E+03 |     1058    | 1.94965E+01 
 42| 17200  |     1045    |     1142    | 1.11994E+03 |     1045    | 1.91002E+01 
 43| 17600  |     1045    |     1137    | 1.11411E+03 |     1045    | 2.02369E+01 
 44| 18000  |     1045    |     1134    | 1.11013E+03 |     1045    | 1.96389E+01 
 45| 18400  |     1042    |     1128    | 1.10524E+03 |     1042    | 1.91693E+01 
 46| 18800  |     1009    |     1124    | 1.10116E+03 |     1009    | 1.89406E+01 
 47| 19200  |     1009    |     1121    | 1.09748E+03 |     1009    | 1.84143E+01 
 48| 19600  |     1009    |     1118    | 1.09456E+03 |     1009    | 1.78796E+01 
 49| 20000  |     1009    |     1115    | 1.09153E+03 |     1009    | 1.73085E+01 
 50| 20400  |     1009    |     1110    | 1.08816E+03 |     1009    | 1.67315E+01 
 51| 20800  |     1009    |     1106    | 1.08429E+03 |     1009    | 1.69400E+01 
 52| 21200  |     1009    |     1102    | 1.08042E+03 |     1009    | 1.72174E+01 
 53| 21600  |     1009    |     1098    | 1.07798E+03 |     1009    | 1.62302E+01 
 54| 22000  |     1009    |     1097    | 1.07569E+03 |     1009    | 1.61956E+01 
 55| 22400  |     1009    |     1094    | 1.07289E+03 |     1009    | 1.57952E+01 
 56| 22800  |     1009    |     1090    | 1.07072E+03 |     1009    | 1.51942E+01 
 57| 23200  |     1009    |     1088    | 1.06875E+03 |     1009    | 1.44178E+01 
 58| 23600  |     1009    |     1086    | 1.06669E+03 |     1009    | 1.43476E+01 
 59| 24000  |     1007    |     1082    | 1.06409E+03 |     1007    | 1.42969E+01 
 60| 24400  |     1007    |     1078    | 1.06185E+03 |     1007    | 1.37210E+01 
 61| 24800  |     1007    |     1076    | 1.05944E+03 |     1007    | 1.39399E+01 
 62| 25200  |     1007    |     1073    | 1.05748E+03 |     1007    | 1.37795E+01 
 63| 25600  |     1007    |     1072    | 1.05521E+03 |     1007    | 1.36153E+01 
 64| 26000  |     1007    |     1071    | 1.05308E+03 |     1007    | 1.30419E+01 
 65| 26400  |     1007    |     1068    | 1.05113E+03 |     1007    | 1.24533E+01 
 66| 26800  |     1007    |     1065    | 1.04924E+03 |     1007    | 1.21393E+01 
 67| 27200  |     1007    |     1062    | 1.04726E+03 |     1007    | 1.16150E+01 
 68| 27600  |     1007    |     1059    | 1.04561E+03 |     1007    | 1.12607E+01 
 69| 28000  |     1006    |     1057    | 1.04251E+03 |     1006    | 1.12528E+01 
 70| 28400  |     1000    |     1054    | 1.04031E+03 |     1000    | 1.14083E+01 
 71| 28800  |     1000    |     1051    | 1.03813E+03 |     1000    | 1.17504E+01 
 72| 29200  |     1000    |     1049    | 1.03614E+03 |     1000    | 1.16734E+01 
 73| 29600  |     1000    |     1046    | 1.03313E+03 |     1000    | 1.19863E+01 
 74| 30000  |     997     |     1045    | 1.03046E+03 |     997     | 1.23816E+01 
 75| 30400  |     997     |     1044    | 1.02713E+03 |     997     | 1.19326E+01 
 76| 30800  |     997     |     1041    | 1.02379E+03 |     997     | 1.10869E+01 
 77| 31200  |     997     |     1037    | 1.02081E+03 |     997     | 1.00308E+01 
 78| 31600  |     997     |     1031    | 1.01772E+03 |     997     | 8.89628E+00 
 79| 32000  |     997     |     1028    | 1.01492E+03 |     997     | 7.98902E+00 
 80| 32400  |     997     |     1023    | 1.01225E+03 |     997     | 6.88785E+00 
 81| 32800  |     997     |     1021    | 1.00958E+03 |     997     | 5.51353E+00 
 82| 33200  |     980     |     1015    | 1.00687E+03 |     980     | 3.94801E+00 
 83| 33600  |     980     |     1009    | 1.00553E+03 |     980     | 3.90753E+00 
 84| 34000  |     967     |     1009    | 1.00462E+03 |     967     | 4.39197E+00 
 85| 34400  |     967     |     1007    | 1.00379E+03 |     967     | 4.35022E+00 
 86| 34800  |     967     |     1007    | 1.00310E+03 |     967     | 4.79437E+00 
 87| 35200  |     967     |     1006    | 1.00227E+03 |     967     | 4.70460E+00 
 88| 35600  |     967     |     1006    | 1.00131E+03 |     967     | 5.10096E+00 
 89| 36000  |     967     |     1006    | 1.00025E+03 |     967     | 5.03289E+00 
 90| 36400  |     967     |     1003    | 9.99460E+02 |     967     | 5.43354E+00 
 91| 36800  |     967     |     1003    | 9.98540E+02 |     967     | 5.85606E+00 
 92| 37200  |     967     |     1002    | 9.97370E+02 |     967     | 6.42753E+00 
 93| 37600  |     967     |     1001    | 9.96340E+02 |     967     | 6.93501E+00 
 94| 38000  |     967     |     1000    | 9.95490E+02 |     967     | 7.25947E+00 
 95| 38400  |     967     |     1000    | 9.94023E+02 |     967     | 7.96128E+00 
 96| 38800  |     967     |     1000    | 9.92408E+02 |     967     | 8.36938E+00 
 97| 39200  |     967     |     999     | 9.90875E+02 |     967     | 8.52932E+00 
 98| 39600  |     967     |     999     | 9.88835E+02 |     967     | 8.60917E+00 
 99| 40000  |     958     |     997     | 9.85990E+02 |     958     | 8.10771E+00 
100| 40400  |     958     |     994     | 9.84492E+02 |     958     | 7.61840E+00 
101| 40800  |     958     |     991     | 9.82317E+02 |     958     | 7.26957E+00 
102| 41200  |     958     |     991     | 9.80472E+02 |     958     | 6.90429E+00 
103| 41600  |     955     |     988     | 9.79010E+02 |     955     | 6.33561E+00 
104| 42000  |     955     |     984     | 9.77197E+02 |     955     | 6.04264E+00 
105| 42400  |     955     |     983     | 9.75872E+02 |     955     | 5.80269E+00 
106| 42800  |     955     |     982     | 9.74378E+02 |     955     | 5.61026E+00 
107| 43200  |     949     |     980     | 9.72955E+02 |     949     | 5.40166E+00 
108| 43600  |     949     |     980     | 9.71722E+02 |     949     | 4.99955E+00 
109| 44000  |     949     |     979     | 9.69975E+02 |     949     | 4.14782E+00 
110| 44400  |     949     |     975     | 9.68685E+02 |     949     | 3.76175E+00 
111| 44800  |     949     |     972     | 9.67885E+02 |     949     | 3.49382E+00 
112| 45200  |     949     |     972     | 9.66857E+02 |     949     | 3.30185E+00 
113| 45600  |     949     |     969     | 9.66080E+02 |     949     | 3.30509E+00 
114| 46000  |     949     |     967     | 9.65648E+02 |     949     | 3.55081E+00 
115| 46400  |     942     |     967     | 9.65247E+02 |     942     | 4.14442E+00 
116| 46800  |     942     |     967     | 9.64760E+02 |     942     | 4.67252E+00 
117| 47200  |     942     |     967     | 9.64445E+02 |     942     | 4.90836E+00 
118| 47600  |     942     |     967     | 9.63822E+02 |     942     | 5.24223E+00 
119| 48000  |     939     |     967     | 9.63325E+02 |     939     | 5.54070E+00 
120| 48400  |     938     |     967     | 9.62395E+02 |     938     | 6.08145E+00 
121| 48800  |     938     |     967     | 9.61452E+02 |     938     | 6.33780E+00 
122| 49200  |     938     |     967     | 9.60350E+02 |     938     | 6.64962E+00 
123| 49600  |     938     |     965     | 9.59087E+02 |     938     | 6.61815E+00 
124| 50000  |     938     |     965     | 9.57590E+02 |     938     | 6.81226E+00 
125| 50400  |     938     |     965     | 9.56013E+02 |     938     | 6.54922E+00 
126| 50800  |     916     |     964     | 9.54275E+02 |     916     | 6.37843E+00 
127| 51200  |     916     |     961     | 9.52548E+02 |     916     | 5.89175E+00 
128| 51600  |     916     |     960     | 9.50852E+02 |     916     | 5.26600E+00 
129| 52000  |     916     |     957     | 9.49312E+02 |     916     | 4.65885E+00 
130| 52400  |     916     |     955     | 9.48317E+02 |     916     | 4.31181E+00 
131| 52800  |     916     |     951     | 9.47372E+02 |     916     | 4.06617E+00 
132| 53200  |     916     |     949     | 9.46763E+02 |     916     | 4.13776E+00 
133| 53600  |     916     |     949     | 9.46227E+02 |     916     | 4.49452E+00 
134| 54000  |     916     |     949     | 9.45760E+02 |     916     | 4.69813E+00 
135| 54400  |     916     |     949     | 9.44992E+02 |     916     | 4.97569E+00 
136| 54800  |     916     |     949     | 9.44325E+02 |     916     | 5.25589E+00 
137| 55200  |     916     |     949     | 9.43560E+02 |     916     | 5.72550E+00 
138| 55600  |     916     |     949     | 9.42415E+02 |     916     | 5.78254E+00 
139| 56000  |     916     |     949     | 9.41617E+02 |     916     | 5.65652E+00 
140| 56400  |     915     |     948     | 9.40135E+02 |     915     | 5.34292E+00 
141| 56800  |     915     |     946     | 9.39043E+02 |     915     | 5.25697E+00 
142| 57200  |     915     |     943     | 9.38303E+02 |     915     | 5.05381E+00 
143| 57600  |     915     |     942     | 9.37783E+02 |     915     | 5.21538E+00 
144| 58000  |     915     |     942     | 9.37155E+02 |     915     | 5.38618E+00 
145| 58400  |     915     |     941     | 9.36380E+02 |     915     | 5.37546E+00 
146| 58800  |     915     |     940     | 9.35462E+02 |     915     | 5.58512E+00 
147| 59200  |     915     |     940     | 9.34640E+02 |     915     | 5.80779E+00 
148| 59600  |     915     |     939     | 9.34087E+02 |     915     | 5.75325E+00 
149| 60000  |     915     |     939     | 9.33077E+02 |     915     | 5.96041E+00 
150| 60400  |     915     |     939     | 9.31967E+02 |     915     | 6.00345E+00 
151| 60800  |     915     |     938     | 9.30770E+02 |     915     | 5.96884E+00 
152| 61200  |     915     |     938     | 9.29768E+02 |     915     | 5.80891E+00 
153| 61600  |     915     |     937     | 9.28553E+02 |     915     | 5.51564E+00 
154| 62000  |     915     |     934     | 9.27610E+02 |     915     | 5.22378E+00 
155| 62400  |     915     |     933     | 9.26567E+02 |     915     | 5.14446E+00 
156| 62800  |     915     |     932     | 9.25753E+02 |     915     | 4.94785E+00 
157| 63200  |     915     |     932     | 9.24910E+02 |     915     | 4.56858E+00 
158| 63600  |     915     |     932     | 9.24060E+02 |     915     | 4.08306E+00 
159| 64000  |     915     |     930     | 9.23355E+02 |     915     | 3.56005E+00 
160| 64400  |     915     |     928     | 9.22388E+02 |     915     | 2.94573E+00 
161| 64800  |     915     |     926     | 9.21788E+02 |     915     | 2.57048E+00 
162| 65200  |     915     |     924     | 9.21345E+02 |     915     | 2.57021E+00 
163| 65600  |     914     |     924     | 9.20817E+02 |     914     | 2.65221E+00 
164| 66000  |     914     |     923     | 9.20220E+02 |     914     | 2.72976E+00 
165| 66400  |     914     |     923     | 9.19518E+02 |     914     | 2.78383E+00 
166| 66800  |     914     |     922     | 9.18883E+02 |     914     | 2.82820E+00 
167| 67200  |     914     |     922     | 9.18148E+02 |     914     | 2.71491E+00 
168| 67600  |     914     |     922     | 9.17270E+02 |     914     | 2.31346E+00 
169| 68000  |     914     |     920     | 9.16102E+02 |     914     | 1.32740E+00 
170| 68400  |     906     |     916     | 9.15538E+02 |     906     | 7.50729E-01 
171| 68800  |     906     |     916     | 9.15317E+02 |     906     | 8.98161E-01 
172| 69200  |     906     |     916     | 9.15143E+02 |     906     | 8.64404E-01 
173| 69600  |     906     |     916     | 9.14895E+02 |     906     | 7.73935E-01 
174| 70000  |     906     |     915     | 9.14768E+02 |     906     | 7.33787E-01 
175| 70400  |     906     |     915     | 9.14688E+02 |     906     | 7.58185E-01 
176| 70800  |     906     |     915     | 9.14560E+02 |     906     | 7.78717E-01 
177| 71200  |     906     |     915     | 9.14415E+02 |     906     | 7.76386E-01 
178| 71600  |     906     |     915     | 9.14222E+02 |     906     | 7.30064E-01 
179| 72000  |     906     |     915     | 9.13987E+02 |     906     | 5.89359E-01 
180| 72400  |     906     |     914     | 9.13928E+02 |     906     | 7.26116E-01 
181| 72800  |     906     |     914     | 9.13928E+02 |     906     | 7.26116E-01 
182| 73200  |     906     |     914     | 9.13908E+02 |     906     | 8.27009E-01 
183| 73600  |     906     |     914     | 9.13905E+02 |     906     | 8.28236E-01 
184| 74000  |     906     |     914     | 9.13870E+02 |     906     | 9.63379E-01 
185| 74400  |     900     |     914     | 9.13785E+02 |     900     | 1.31293E+00 
186| 74800  |     900     |     914     | 9.13697E+02 |     900     | 1.66763E+00 
187| 75200  |     900     |     914     | 9.13600E+02 |     900     | 1.95959E+00 
188| 75600  |     900     |     914     | 9.13470E+02 |     900     | 2.21339E+00 
189| 76000  |     890     |     914     | 9.13188E+02 |     890     | 2.91330E+00 
190| 76400  |     890     |     914     | 9.13060E+02 |     890     | 3.10103E+00 
191| 76800  |     890     |     914     | 9.12808E+02 |     890     | 3.58475E+00 
192| 77200  |     890     |     914     | 9.12365E+02 |     890     | 4.10509E+00 
193| 77600  |     890     |     914     | 9.11775E+02 |     890     | 4.76963E+00 
194| 78000  |     890     |     914     | 9.11295E+02 |     890     | 5.01577E+00 
195| 78400  |     886     |     914     | 9.10092E+02 |     886     | 5.72922E+00 
196| 78800  |     886     |     914     | 9.08970E+02 |     886     | 6.05757E+00 
197| 79200  |     882     |     914     | 9.07250E+02 |     882     | 6.32199E+00 
198| 79600  |     882     |     914     | 9.05305E+02 |     882     | 6.04872E+00 
199| 80000  |     882     |     911     | 9.03148E+02 |     882     | 4.99157E+00 
200| 80400  |     881     |     907     | 9.01330E+02 |     881     | 4.91895E+00 
201| 80800  |     881     |     906     | 8.99357E+02 |     881     | 4.37375E+00 
202| 81200  |     881     |     900     | 8.97788E+02 |     881     | 4.23584E+00 
203| 81600  |     875     |     900     | 8.96830E+02 |     875     | 4.89603E+00 
204| 82000  |     875     |     900     | 8.95832E+02 |     875     | 5.21339E+00 
205| 82400  |     875     |     900     | 8.94457E+02 |     875     | 5.45465E+00 
206| 82800  |     875     |     900     | 8.92455E+02 |     875     | 5.59088E+00 
207| 83200  |     875     |     898     | 8.90467E+02 |     875     | 5.05212E+00 
208| 83600  |     875     |     894     | 8.88735E+02 |     875     | 4.60975E+00 
209| 84000  |     875     |     894     | 8.87205E+02 |     875     | 4.28345E+00 
210| 84400  |     871     |     891     | 8.85290E+02 |     871     | 3.39719E+00 
211| 84800  |     871     |     887     | 8.84053E+02 |     871     | 2.83897E+00 
212| 85200  |     871     |     886     | 8.83378E+02 |     871     | 3.00832E+00 
213| 85600  |     871     |     886     | 8.82283E+02 |     871     | 3.03771E+00 
214| 86000  |     871     |     886     | 8.81038E+02 |     871     | 2.67228E+00 
215| 86400  |     871     |     882     | 8.80202E+02 |     871     | 2.29706E+00 
216| 86800  |     871     |     882     | 8.79467E+02 |     871     | 2.44519E+00 
217| 87200  |     871     |     882     | 8.78717E+02 |     871     | 2.32329E+00 
218| 87600  |     871     |     881     | 8.77648E+02 |     871     | 1.79951E+00 
219| 88000  |     871     |     879     | 8.77212E+02 |     871     | 1.81861E+00 
220| 88400  |     871     |     879     | 8.76717E+02 |     871     | 1.75861E+00 
221| 88800  |     871     |     879     | 8.75803E+02 |     871     | 1.25040E+00 
222| 89200  |     871     |     877     | 8.75260E+02 |     871     | 7.49933E-01 
223| 89600  |     871     |     875     | 8.74970E+02 |     871     | 3.45109E-01 
224| 90000  |     871     |     875     | 8.74970E+02 |     871     | 3.45109E-01 
225| 90400  |     871     |     875     | 8.74960E+02 |     871     | 3.78682E-01 
226| 90800  |     871     |     875     | 8.74950E+02 |     871     | 4.27200E-01 
227| 91200  |     871     |     875     | 8.74923E+02 |     871     | 5.30560E-01 
228| 91600  |     871     |     875     | 8.74908E+02 |     871     | 5.69161E-01 
229| 92000  |     871     |     875     | 8.74888E+02 |     871     | 6.08148E-01 
230| 92400  |     871     |     875     | 8.74875E+02 |     871     | 6.39824E-01 
231| 92800  |     871     |     875     | 8.74837E+02 |     871     | 7.25323E-01 
232| 93200  |     871     |     875     | 8.74773E+02 |     871     | 8.37104E-01 
233| 93600  |     871     |     875     | 8.74685E+02 |     871     | 9.75077E-01 
234| 94000  |     871     |     875     | 8.74500E+02 |     871     | 1.19791E+00 
235| 94400  |     871     |     875     | 8.74413E+02 |     871     | 1.26188E+00 
236| 94800  |     871     |     875     | 8.74183E+02 |     871     | 1.42800E+00 
237| 95200  |     866     |     875     | 8.73928E+02 |     866     | 1.60538E+00 
238| 95600  |     866     |     875     | 8.73548E+02 |     866     | 1.69786E+00 
239| 96000  |     866     |     875     | 8.73175E+02 |     866     | 1.71300E+00 
240| 96400  |     866     |     875     | 8.72658E+02 |     866     | 1.61251E+00 
241| 96800  |     866     |     875     | 8.72020E+02 |     866     | 1.22458E+00 
242| 97200  |     866     |     874     | 8.71503E+02 |     866     | 7.28007E-01 
243| 97600  |     866     |     872     | 8.71335E+02 |     866     | 6.14634E-01 
244| 98000  |     866     |     872     | 8.71207E+02 |     866     | 5.65194E-01 
245| 98400  |     862     |     872     | 8.71033E+02 |     862     | 6.45325E-01 
246| 98800  |     862     |     871     | 8.70947E+02 |     862     | 5.74233E-01 
247| 99200  |     862     |     871     | 8.70947E+02 |     862     | 5.74233E-01 
248| 99600  |     862     |     871     | 8.70923E+02 |     862     | 6.71933E-01 
249| 100000 |     862     |     871     | 8.70910E+02 |     862     | 7.15472E-01 
250| 100400 |     862     |     871     | 8.70862E+02 |     862     | 8.85208E-01 
251| 100800 |     862     |     871     | 8.70820E+02 |     862     | 9.93781E-01 
252| 101200 |     862     |     871     | 8.70768E+02 |     862     | 1.11510E+00 
253| 101600 |     862     |     871     | 8.70685E+02 |     862     | 1.29452E+00 
254| 102000 |     858     |     871     | 8.70497E+02 |     858     | 1.69558E+00 
255| 102400 |     858     |     871     | 8.70270E+02 |     858     | 2.03276E+00 
256| 102800 |     858     |     871     | 8.70023E+02 |     858     | 2.25987E+00 
257| 103200 |     858     |     871     | 8.69697E+02 |     858     | 2.56339E+00 
258| 103600 |     853     |     871     | 8.69153E+02 |     853     | 2.96298E+00 
259| 104000 |     853     |     871     | 8.68378E+02 |     853     | 3.23883E+00 
260| 104400 |     853     |     871     | 8.67465E+02 |     853     | 3.25941E+00 
261| 104800 |     853     |     871     | 8.66263E+02 |     853     | 3.08684E+00 
262| 105200 |     853     |     870     | 8.64702E+02 |     853     | 2.34179E+00 
263| 105600 |     853     |     866     | 8.63967E+02 |     853     | 2.52318E+00 
264| 106000 |     853     |     866     | 8.63190E+02 |     853     | 2.77108E+00 
265| 106400 |     852     |     865     | 8.62428E+02 |     852     | 2.81953E+00 
266| 106800 |     852     |     865     | 8.61515E+02 |     852     | 2.87137E+00 
267| 107200 |     850     |     862     | 8.60580E+02 |     850     | 2.87291E+00 
268| 107600 |     850     |     862     | 8.60070E+02 |     850     | 3.24732E+00 
269| 108000 |     850     |     862     | 8.59332E+02 |     850     | 3.59401E+00 
270| 108400 |     850     |     862     | 8.58423E+02 |     850     | 3.80513E+00 
271| 108800 |     850     |     862     | 8.57370E+02 |     850     | 3.77864E+00 
272| 109200 |     850     |     862     | 8.56145E+02 |     850     | 3.35842E+00 
273| 109600 |     850     |     859     | 8.54610E+02 |     850     | 2.20633E+00 
274| 110000 |     850     |     857     | 8.53673E+02 |     850     | 1.63867E+00 
275| 110400 |     850     |     855     | 8.52923E+02 |     850     | 7.52658E-01 
276| 110800 |     850     |     853     | 8.52758E+02 |     850     | 6.50918E-01 
277| 111200 |     850     |     853     | 8.52690E+02 |     850     | 7.20347E-01 
278| 111600 |     850     |     853     | 8.52587E+02 |     850     | 8.01464E-01 
279| 112000 |     850     |     853     | 8.52433E+02 |     850     | 9.05784E-01 
280| 112400 |     850     |     853     | 8.52255E+02 |     850     | 9.84873E-01 
281| 112800 |     840     |     853     | 8.51980E+02 |     840     | 1.24081E+00 
282| 113200 |     840     |     853     | 8.51695E+02 |     840     | 1.21942E+00 
283| 113600 |     840     |     853     | 8.51315E+02 |     840     | 1.24931E+00 
284| 114000 |     840     |     852     | 8.51125E+02 |     840     | 1.26269E+00 
285| 114400 |     840     |     852     | 8.50893E+02 |     840     | 1.33265E+00 
286| 114800 |     840     |     852     | 8.50577E+02 |     840     | 1.40321E+00 
287| 115200 |     840     |     852     | 8.50235E+02 |     840     | 1.40349E+00 
288| 115600 |     840     |     851     | 8.49893E+02 |     840     | 1.38958E+00 
289| 116000 |     840     |     850     | 8.49683E+02 |     840     | 1.63300E+00 
290| 116400 |     840     |     850     | 8.49590E+02 |     840     | 1.86330E+00 
291| 116800 |     840     |     850     | 8.49525E+02 |     840     | 1.98982E+00 
292| 117200 |     840     |     850     | 8.49362E+02 |     840     | 2.28825E+00 
293| 117600 |     840     |     850     | 8.49215E+02 |     840     | 2.46552E+00 
294| 118000 |     840     |     850     | 8.48938E+02 |     840     | 2.80599E+00 
295| 118400 |     840     |     850     | 8.48553E+02 |     840     | 3.20113E+00 
296| 118800 |     840     |     850     | 8.48040E+02 |     840     | 3.62952E+00 
297| 119200 |     840     |     850     | 8.47617E+02 |     840     | 3.84333E+00 
298| 119600 |     840     |     850     | 8.46825E+02 |     840     | 4.14902E+00 
299| 120000 |     840     |     850     | 8.45923E+02 |     840     | 4.29610E+00 
种群信息导出完毕。
评价次数：120000
时间已过 101.34914517402649 秒
最小的救援时间为：840
最优的救援方案为：
第1辆车的救援路线：车库→受灾点5→避难所41→受灾点10→避难所34→救援结束
第2辆车的救援路线：车库→受灾点16→避难所35→受灾点5→避难所34→受灾点18→避难所34→救援结束
第3辆车的救援路线：车库→受灾点18→避难所27→受灾点5→避难所40→受灾点9→避难所25→受灾点11→避难所34→受灾点6→避难所28→救援结束
第4辆车的救援路线：车库→受灾点6→避难所32→受灾点13→避难所40→救援结束
第5辆车的救援路线：车库→受灾点11→避难所41→受灾点20→避难所34→救援结束
第6辆车的救援路线：车库→受灾点10→避难所34→受灾点11→避难所36→受灾点11→避难所40→受灾点16→避难所34→救援结束
第7辆车的救援路线：车库→受灾点2→避难所34→受灾点5→避难所32→受灾点13→避难所45→受灾点16→避难所34→受灾点7→避难所45→救援结束
第8辆车的救援路线：车库→受灾点18→避难所35→救援结束
第9辆车的救援路线：车库→受灾点16→避难所34→受灾点16→避难所45→救援结束
第10辆车的救援路线：车库→受灾点13→避难所34→受灾点20→避难所34→受灾点16→避难所34→救援结束
第11辆车的救援路线：车库→受灾点18→避难所34→受灾点22→避难所42→受灾点22→避难所32→受灾点11→避难所34→救援结束
第12辆车的救援路线：车库→受灾点13→避难所42→受灾点16→避难所44→受灾点16→避难所34→救援结束
第13辆车的救援路线：车库→受灾点11→避难所34→受灾点8→避难所26→受灾点13→避难所32→受灾点5→避难所34→受灾点2→避难所42→救援结束
第14辆车的救援路线：车库→受灾点14→避难所42→受灾点21→避难所45→救援结束
第15辆车的救援路线：车库→受灾点11→避难所33→受灾点16→避难所41→救援结束
第16辆车的救援路线：车库→受灾点11→避难所32→受灾点5→避难所42→受灾点19→避难所40→救援结束
第17辆车的救援路线：车库→受灾点18→避难所32→受灾点7→避难所37→受灾点6→避难所37→受灾点13→避难所38→受灾点17→避难所45→救援结束
第18辆车的救援路线：车库→受灾点13→避难所34→救援结束
第19辆车的救援路线：车库→受灾点20→避难所32→受灾点1→避难所34→救援结束
第20辆车的救援路线：车库→受灾点16→避难所45→受灾点2→避难所34→受灾点13→避难所34→受灾点16→避难所40→救援结束
第21辆车的救援路线：车库→受灾点15→避难所35→受灾点13→避难所35→救援结束
第22辆车的救援路线：车库→受灾点21→避难所41→受灾点14→避难所32→救援结束
第23辆车的救援路线：车库→受灾点7→避难所32→受灾点5→避难所30→受灾点11→避难所32→受灾点7→避难所34→受灾点10→避难所27→救援结束
第24辆车的救援路线：车库→受灾点16→避难所34→救援结束
第25辆车的救援路线：车库→受灾点13→避难所35→受灾点16→避难所45→救援结束
第26辆车的救援路线：车库→受灾点5→避难所44→受灾点18→避难所42→受灾点13→避难所28→救援结束
第27辆车的救援路线：车库→受灾点16→避难所35→救援结束
第28辆车的救援路线：车库→受灾点18→避难所32→受灾点16→避难所26→受灾点10→避难所38→受灾点1→避难所38→受灾点7→避难所30→救援结束
第29辆车的救援路线：车库→受灾点16→避难所34→受灾点16→避难所41→救援结束
第30辆车的救援路线：车库→受灾点7→避难所35→受灾点15→避难所41→救援结束
第31辆车的救援路线：车库→受灾点2→避难所34→受灾点16→避难所34→受灾点11→避难所42→受灾点10→避难所34→救援结束
第32辆车的救援路线：车库→受灾点7→避难所29→救援结束
第33辆车的救援路线：车库→受灾点6→避难所34→受灾点2→避难所34→受灾点1→避难所36→受灾点21→避难所38→受灾点13→避难所32→救援结束
第34辆车的救援路线：车库→受灾点5→避难所30→受灾点6→避难所34→受灾点15→避难所30→受灾点18→避难所24→受灾点16→避难所45→救援结束
第35辆车的救援路线：车库→受灾点11→避难所45→救援结束
第36辆车的救援路线：车库→受灾点11→避难所34→受灾点5→避难所32→救援结束
第37辆车的救援路线：车库→受灾点21→避难所32→受灾点13→避难所24→救援结束
第38辆车的救援路线：车库→受灾点13→避难所34→受灾点5→避难所34→受灾点16→避难所24→受灾点16→避难所38→救援结束
第39辆车的救援路线：车库→受灾点13→避难所36→受灾点16→避难所35→救援结束
第40辆车的救援路线：车库→受灾点16→避难所38→受灾点14→避难所34→受灾点2→避难所34→受灾点5→避难所32→受灾点4→避难所30→救援结束
第41辆车的救援路线：车库→受灾点19→避难所34→受灾点21→避难所34→受灾点13→避难所31→救援结束
第42辆车的救援路线：车库→受灾点20→避难所34→受灾点3→避难所43→受灾点16→避难所34→救援结束
第43辆车的救援路线：车库→受灾点10→避难所34→受灾点8→避难所34→受灾点16→避难所34→受灾点18→避难所34→救援结束
第44辆车的救援路线：车库→受灾点11→避难所31→救援结束
第45辆车的救援路线：车库→受灾点7→避难所34→救援结束
第46辆车的救援路线：车库→受灾点3→避难所40→受灾点13→避难所32→受灾点10→避难所34→受灾点18→避难所42→救援结束
第47辆车的救援路线：车库→受灾点18→避难所32→受灾点11→避难所34→受灾点10→避难所43→救援结束
第48辆车的救援路线：车库→受灾点12→避难所44→受灾点16→避难所30→救援结束
第49辆车的救援路线：车库→受灾点5→避难所35→受灾点14→避难所35→救援结束
第50辆车的救援路线：车库→受灾点10→避难所35→受灾点16→避难所34→受灾点6→避难所30→救援结束
