==================================================================================
gen|  eval  |    f_opt    |    f_max    |    f_avg    |    f_min    |    f_std    
----------------------------------------------------------------------------------
 0 |  400   |     1546    |     5516    | 2.58878E+03 |     1546    | 6.16863E+02 
 1 |  800   |     1522    |     2372    | 2.05874E+03 |     1522    | 2.05703E+02 
 2 |  1200  |     1508    |     2099    | 1.89084E+03 |     1508    | 1.37462E+02 
 3 |  1600  |     1412    |     1949    | 1.79463E+03 |     1412    | 1.08366E+02 
 4 |  2000  |     1370    |     1837    | 1.72088E+03 |     1370    | 8.77451E+01 
 5 |  2400  |     1370    |     1768    | 1.67250E+03 |     1370    | 8.26827E+01 
 6 |  2800  |     1332    |     1722    | 1.62214E+03 |     1332    | 8.22352E+01 
 7 |  3200  |     1332    |     1685    | 1.58579E+03 |     1332    | 7.56806E+01 
 8 |  3600  |     1332    |     1633    | 1.54786E+03 |     1332    | 6.46942E+01 
 9 |  4000  |     1293    |     1600    | 1.52094E+03 |     1293    | 6.24320E+01 
 10|  4400  |     1293    |     1569    | 1.49422E+03 |     1293    | 5.68157E+01 
 11|  4800  |     1292    |     1542    | 1.47211E+03 |     1292    | 5.14555E+01 
 12|  5200  |     1238    |     1512    | 1.44474E+03 |     1238    | 4.81641E+01 
 13|  5600  |     1238    |     1486    | 1.42704E+03 |     1238    | 4.57878E+01 
 14|  6000  |     1238    |     1461    | 1.40783E+03 |     1238    | 4.29437E+01 
 15|  6400  |     1238    |     1439    | 1.38645E+03 |     1238    | 4.17781E+01 
 16|  6800  |     1238    |     1420    | 1.36955E+03 |     1238    | 3.94118E+01 
 17|  7200  |     1216    |     1404    | 1.35183E+03 |     1216    | 3.85797E+01 
 18|  7600  |     1197    |     1381    | 1.33317E+03 |     1197    | 3.64927E+01 
 19|  8000  |     1189    |     1362    | 1.31803E+03 |     1189    | 3.55036E+01 
 20|  8400  |     1163    |     1346    | 1.30117E+03 |     1163    | 3.64631E+01 
 21|  8800  |     1093    |     1328    | 1.28544E+03 |     1093    | 3.64568E+01 
 22|  9200  |     1093    |     1313    | 1.26807E+03 |     1093    | 3.68570E+01 
 23|  9600  |     1093    |     1293    | 1.25180E+03 |     1093    | 3.51172E+01 
 24| 10000  |     1093    |     1274    | 1.23470E+03 |     1093    | 3.10638E+01 
 25| 10400  |     1093    |     1254    | 1.21917E+03 |     1093    | 2.90066E+01 
 26| 10800  |     1093    |     1239    | 1.20335E+03 |     1093    | 2.80594E+01 
 27| 11200  |     1089    |     1224    | 1.18822E+03 |     1089    | 2.67521E+01 
 28| 11600  |     1074    |     1209    | 1.17761E+03 |     1074    | 2.38033E+01 
 29| 12000  |     1074    |     1195    | 1.16545E+03 |     1074    | 2.30454E+01 
 30| 12400  |     1074    |     1183    | 1.15671E+03 |     1074    | 2.14673E+01 
 31| 12800  |     1074    |     1170    | 1.14822E+03 |     1074    | 2.04277E+01 
 32| 13200  |     1074    |     1165    | 1.14218E+03 |     1074    | 1.96970E+01 
 33| 13600  |     1020    |     1159    | 1.13377E+03 |     1020    | 2.05736E+01 
 34| 14000  |     1020    |     1148    | 1.12613E+03 |     1020    | 2.02538E+01 
 35| 14400  |     1020    |     1143    | 1.12045E+03 |     1020    | 1.96715E+01 
 36| 14800  |     1020    |     1137    | 1.11403E+03 |     1020    | 1.89229E+01 
 37| 15200  |     1020    |     1130    | 1.10840E+03 |     1020    | 1.76424E+01 
 38| 15600  |     1020    |     1124    | 1.10307E+03 |     1020    | 1.76471E+01 
 39| 16000  |     1020    |     1118    | 1.09711E+03 |     1020    | 1.74083E+01 
 40| 16400  |     1008    |     1112    | 1.09193E+03 |     1008    | 1.74453E+01 
 41| 16800  |     1005    |     1108    | 1.08812E+03 |     1005    | 1.73130E+01 
 42| 17200  |     1003    |     1102    | 1.08384E+03 |     1003    | 1.74981E+01 
 43| 17600  |     1003    |     1097    | 1.07921E+03 |     1003    | 1.71588E+01 
 44| 18000  |     1003    |     1093    | 1.07347E+03 |     1003    | 1.71886E+01 
 45| 18400  |     1003    |     1089    | 1.06812E+03 |     1003    | 1.76529E+01 
 46| 18800  |     999     |     1084    | 1.06396E+03 |     999     | 1.71683E+01 
 47| 19200  |     998     |     1080    | 1.06052E+03 |     998     | 1.69985E+01 
 48| 19600  |     998     |     1075    | 1.05607E+03 |     998     | 1.61922E+01 
 49| 20000  |     998     |     1072    | 1.05215E+03 |     998     | 1.62705E+01 
 50| 20400  |     998     |     1066    | 1.04810E+03 |     998     | 1.58521E+01 
 51| 20800  |     947     |     1063    | 1.04350E+03 |     947     | 1.60860E+01 
 52| 21200  |     947     |     1059    | 1.03957E+03 |     947     | 1.69047E+01 
 53| 21600  |     947     |     1055    | 1.03644E+03 |     947     | 1.69215E+01 
 54| 22000  |     947     |     1052    | 1.03264E+03 |     947     | 1.69707E+01 
 55| 22400  |     947     |     1050    | 1.02895E+03 |     947     | 1.64092E+01 
 56| 22800  |     947     |     1045    | 1.02469E+03 |     947     | 1.62357E+01 
 57| 23200  |     947     |     1040    | 1.02190E+03 |     947     | 1.58024E+01 
 58| 23600  |     947     |     1036    | 1.01854E+03 |     947     | 1.57860E+01 
 59| 24000  |     947     |     1033    | 1.01546E+03 |     947     | 1.50593E+01 
 60| 24400  |     947     |     1030    | 1.01205E+03 |     947     | 1.44909E+01 
 61| 24800  |     947     |     1026    | 1.00891E+03 |     947     | 1.38791E+01 
 62| 25200  |     947     |     1022    | 1.00673E+03 |     947     | 1.34490E+01 
 63| 25600  |     947     |     1020    | 1.00342E+03 |     947     | 1.36632E+01 
 64| 26000  |     947     |     1016    | 9.99577E+02 |     947     | 1.37202E+01 
 65| 26400  |     947     |     1012    | 9.95870E+02 |     947     | 1.30026E+01 
 66| 26800  |     947     |     1009    | 9.93622E+02 |     947     | 1.25571E+01 
 67| 27200  |     942     |     1007    | 9.90545E+02 |     942     | 1.22983E+01 
 68| 27600  |     942     |     1002    | 9.86885E+02 |     942     | 1.21456E+01 
 69| 28000  |     934     |     997     | 9.83570E+02 |     934     | 1.21877E+01 
 70| 28400  |     934     |     992     | 9.81120E+02 |     934     | 1.25509E+01 
 71| 28800  |     934     |     990     | 9.79247E+02 |     934     | 1.33019E+01 
 72| 29200  |     934     |     990     | 9.77558E+02 |     934     | 1.33530E+01 
 73| 29600  |     930     |     990     | 9.75030E+02 |     930     | 1.34257E+01 
 74| 30000  |     930     |     988     | 9.71275E+02 |     930     | 1.27352E+01 
 75| 30400  |     930     |     982     | 9.68080E+02 |     930     | 1.26273E+01 
 76| 30800  |     928     |     982     | 9.65185E+02 |     928     | 1.23065E+01 
 77| 31200  |     928     |     979     | 9.61895E+02 |     928     | 1.15695E+01 
 78| 31600  |     911     |     974     | 9.58513E+02 |     911     | 1.06600E+01 
 79| 32000  |     911     |     970     | 9.55895E+02 |     911     | 9.89060E+00 
 80| 32400  |     893     |     966     | 9.52352E+02 |     893     | 9.44316E+00 
 81| 32800  |     893     |     963     | 9.50237E+02 |     893     | 8.63169E+00 
 82| 33200  |     893     |     959     | 9.47510E+02 |     893     | 7.39932E+00 
 83| 33600  |     893     |     955     | 9.45447E+02 |     893     | 6.90089E+00 
 84| 34000  |     893     |     951     | 9.43798E+02 |     893     | 7.04106E+00 
 85| 34400  |     893     |     947     | 9.42638E+02 |     893     | 7.17921E+00 
 86| 34800  |     893     |     947     | 9.41572E+02 |     893     | 7.61969E+00 
 87| 35200  |     893     |     947     | 9.40508E+02 |     893     | 8.00406E+00 
 88| 35600  |     893     |     947     | 9.39308E+02 |     893     | 8.02390E+00 
 89| 36000  |     893     |     946     | 9.37707E+02 |     893     | 8.37687E+00 
 90| 36400  |     893     |     945     | 9.36178E+02 |     893     | 8.37084E+00 
 91| 36800  |     893     |     945     | 9.34630E+02 |     893     | 8.18676E+00 
 92| 37200  |     893     |     942     | 9.32620E+02 |     893     | 8.39646E+00 
 93| 37600  |     893     |     941     | 9.31278E+02 |     893     | 7.92909E+00 
 94| 38000  |     883     |     939     | 9.29705E+02 |     883     | 7.78062E+00 
 95| 38400  |     883     |     936     | 9.28820E+02 |     883     | 7.60412E+00 
 96| 38800  |     883     |     935     | 9.27610E+02 |     883     | 7.39411E+00 
 97| 39200  |     883     |     933     | 9.26765E+02 |     883     | 7.53026E+00 
 98| 39600  |     883     |     933     | 9.25918E+02 |     883     | 7.39565E+00 
 99| 40000  |     883     |     931     | 9.24562E+02 |     883     | 7.64500E+00 
100| 40400  |     883     |     930     | 9.23163E+02 |     883     | 8.25234E+00 
101| 40800  |     868     |     929     | 9.22055E+02 |     868     | 9.04334E+00 
102| 41200  |     868     |     929     | 9.20592E+02 |     868     | 9.44915E+00 
103| 41600  |     868     |     928     | 9.19508E+02 |     868     | 9.77624E+00 
104| 42000  |     868     |     928     | 9.17883E+02 |     868     | 1.02430E+01 
105| 42400  |     868     |     926     | 9.16845E+02 |     868     | 1.01507E+01 
106| 42800  |     868     |     926     | 9.15447E+02 |     868     | 1.02919E+01 
107| 43200  |     868     |     925     | 9.13668E+02 |     868     | 1.03265E+01 
108| 43600  |     868     |     923     | 9.11590E+02 |     868     | 1.07716E+01 
109| 44000  |     868     |     923     | 9.08870E+02 |     868     | 1.10278E+01 
110| 44400  |     868     |     920     | 9.06587E+02 |     868     | 1.04789E+01 
111| 44800  |     868     |     917     | 9.04962E+02 |     868     | 1.04640E+01 
112| 45200  |     863     |     916     | 9.02315E+02 |     863     | 1.08435E+01 
113| 45600  |     863     |     915     | 8.99188E+02 |     863     | 1.05656E+01 
114| 46000  |     863     |     911     | 8.95477E+02 |     863     | 9.45857E+00 
115| 46400  |     863     |     903     | 8.92312E+02 |     863     | 8.00936E+00 
116| 46800  |     863     |     896     | 8.89492E+02 |     863     | 7.85939E+00 
117| 47200  |     863     |     893     | 8.87630E+02 |     863     | 8.44619E+00 
118| 47600  |     863     |     893     | 8.85048E+02 |     863     | 9.47946E+00 
119| 48000  |     863     |     893     | 8.81967E+02 |     863     | 9.72761E+00 
120| 48400  |     863     |     890     | 8.78418E+02 |     863     | 9.02653E+00 
121| 48800  |     863     |     888     | 8.74173E+02 |     863     | 7.94246E+00 
122| 49200  |     863     |     883     | 8.70015E+02 |     863     | 5.20958E+00 
123| 49600  |     863     |     873     | 8.67450E+02 |     863     | 2.98454E+00 
124| 50000  |     863     |     868     | 8.65952E+02 |     863     | 2.17031E+00 
125| 50400  |     861     |     868     | 8.65163E+02 |     861     | 2.10145E+00 
126| 50800  |     861     |     868     | 8.64265E+02 |     861     | 1.62628E+00 
127| 51200  |     861     |     865     | 8.63495E+02 |     861     | 5.87346E-01 
128| 51600  |     861     |     864     | 8.63327E+02 |     861     | 5.74668E-01 
129| 52000  |     861     |     864     | 8.63140E+02 |     861     | 5.10294E-01 
130| 52400  |     861     |     863     | 8.62938E+02 |     861     | 3.44374E-01 
131| 52800  |     861     |     863     | 8.62903E+02 |     861     | 4.27778E-01 
132| 53200  |     861     |     863     | 8.62885E+02 |     861     | 4.60190E-01 
133| 53600  |     861     |     863     | 8.62825E+02 |     861     | 5.60692E-01 
134| 54000  |     861     |     863     | 8.62745E+02 |     861     | 6.63306E-01 
135| 54400  |     861     |     863     | 8.62675E+02 |     861     | 7.34422E-01 
136| 54800  |     861     |     863     | 8.62580E+02 |     861     | 8.08455E-01 
137| 55200  |     861     |     863     | 8.62450E+02 |     861     | 8.81760E-01 
138| 55600  |     861     |     863     | 8.62290E+02 |     861     | 9.43875E-01 
139| 56000  |     861     |     863     | 8.62062E+02 |     861     | 9.79078E-01 
140| 56400  |     853     |     863     | 8.61753E+02 |     853     | 1.04702E+00 
141| 56800  |     853     |     863     | 8.61385E+02 |     853     | 1.08479E+00 
142| 57200  |     847     |     862     | 8.60875E+02 |     847     | 1.13771E+00 
143| 57600  |     847     |     861     | 8.60815E+02 |     847     | 1.25928E+00 
144| 58000  |     847     |     861     | 8.60732E+02 |     847     | 1.45806E+00 
145| 58400  |     847     |     861     | 8.60635E+02 |     847     | 1.65885E+00 
146| 58800  |     847     |     861     | 8.60462E+02 |     847     | 1.93096E+00 
147| 59200  |     846     |     861     | 8.60115E+02 |     846     | 2.60034E+00 
148| 59600  |     846     |     861     | 8.59580E+02 |     846     | 3.11506E+00 
149| 60000  |     846     |     861     | 8.59048E+02 |     846     | 3.49575E+00 
150| 60400  |     846     |     861     | 8.58217E+02 |     846     | 3.95414E+00 
151| 60800  |     846     |     861     | 8.57025E+02 |     846     | 4.21419E+00 
152| 61200  |     846     |     861     | 8.55425E+02 |     846     | 4.19516E+00 
153| 61600  |     846     |     860     | 8.53575E+02 |     846     | 3.41019E+00 
154| 62000  |     846     |     856     | 8.52033E+02 |     846     | 2.34018E+00 
155| 62400  |     846     |     853     | 8.51440E+02 |     846     | 2.62229E+00 
156| 62800  |     846     |     853     | 8.50727E+02 |     846     | 2.94164E+00 
157| 63200  |     846     |     853     | 8.49785E+02 |     846     | 3.08930E+00 
158| 63600  |     846     |     853     | 8.48845E+02 |     846     | 2.95482E+00 
159| 64000  |     846     |     853     | 8.47403E+02 |     846     | 2.05195E+00 
160| 64400  |     846     |     850     | 8.46553E+02 |     846     | 1.25588E+00 
161| 64800  |     846     |     846     | 8.46000E+02 |     846     | 0.00000E+00 
162| 65200  |     846     |     846     | 8.46000E+02 |     846     | 0.00000E+00 
163| 65600  |     846     |     846     | 8.46000E+02 |     846     | 0.00000E+00 
164| 66000  |     846     |     846     | 8.46000E+02 |     846     | 0.00000E+00 
165| 66400  |     846     |     846     | 8.46000E+02 |     846     | 0.00000E+00 
166| 66800  |     846     |     846     | 8.46000E+02 |     846     | 0.00000E+00 
167| 67200  |     846     |     846     | 8.46000E+02 |     846     | 0.00000E+00 
168| 67600  |     846     |     846     | 8.46000E+02 |     846     | 0.00000E+00 
169| 68000  |     846     |     846     | 8.46000E+02 |     846     | 0.00000E+00 
170| 68400  |     846     |     846     | 8.46000E+02 |     846     | 0.00000E+00 
171| 68800  |     846     |     846     | 8.46000E+02 |     846     | 0.00000E+00 
172| 69200  |     846     |     846     | 8.46000E+02 |     846     | 0.00000E+00 
173| 69600  |     846     |     846     | 8.46000E+02 |     846     | 0.00000E+00 
174| 70000  |     846     |     846     | 8.46000E+02 |     846     | 0.00000E+00 
175| 70400  |     840     |     846     | 8.45985E+02 |     840     | 2.99625E-01 
176| 70800  |     840     |     846     | 8.45975E+02 |     840     | 3.59687E-01 
177| 71200  |     840     |     846     | 8.45975E+02 |     840     | 3.59687E-01 
178| 71600  |     840     |     846     | 8.45960E+02 |     840     | 4.67333E-01 
179| 72000  |     840     |     846     | 8.45960E+02 |     840     | 4.67333E-01 
180| 72400  |     840     |     846     | 8.45960E+02 |     840     | 4.67333E-01 
181| 72800  |     840     |     846     | 8.45960E+02 |     840     | 4.67333E-01 
182| 73200  |     840     |     846     | 8.45960E+02 |     840     | 4.67333E-01 
183| 73600  |     840     |     846     | 8.45950E+02 |     840     | 5.07445E-01 
184| 74000  |     840     |     846     | 8.45950E+02 |     840     | 5.07445E-01 
185| 74400  |     840     |     846     | 8.45940E+02 |     840     | 5.44426E-01 
186| 74800  |     840     |     846     | 8.45930E+02 |     840     | 5.78878E-01 
187| 75200  |     840     |     846     | 8.45920E+02 |     840     | 6.11228E-01 
188| 75600  |     840     |     846     | 8.45900E+02 |     840     | 6.70820E-01 
189| 76000  |     840     |     846     | 8.45880E+02 |     840     | 7.24983E-01 
190| 76400  |     840     |     846     | 8.45840E+02 |     840     | 8.21219E-01 
191| 76800  |     840     |     846     | 8.45765E+02 |     840     | 9.87307E-01 
192| 77200  |     840     |     846     | 8.45710E+02 |     840     | 1.07513E+00 
193| 77600  |     840     |     846     | 8.45602E+02 |     840     | 1.22658E+00 
194| 78000  |     840     |     846     | 8.45445E+02 |     840     | 1.41137E+00 
195| 78400  |     840     |     846     | 8.45195E+02 |     840     | 1.62695E+00 
196| 78800  |     840     |     846     | 8.44945E+02 |     840     | 1.78521E+00 
197| 79200  |     840     |     846     | 8.44450E+02 |     840     | 1.98809E+00 
198| 79600  |     840     |     846     | 8.43852E+02 |     840     | 2.07744E+00 
199| 80000  |     840     |     846     | 8.43148E+02 |     840     | 1.91069E+00 
200| 80400  |     840     |     846     | 8.42420E+02 |     840     | 1.41725E+00 
201| 80800  |     840     |     842     | 8.41812E+02 |     840     | 5.80813E-01 
202| 81200  |     840     |     842     | 8.41742E+02 |     840     | 6.67977E-01 
203| 81600  |     840     |     842     | 8.41663E+02 |     840     | 7.47391E-01 
204| 82000  |     840     |     842     | 8.41560E+02 |     840     | 8.25470E-01 
205| 82400  |     840     |     842     | 8.41410E+02 |     840     | 9.09340E-01 
206| 82800  |     840     |     842     | 8.41192E+02 |     840     | 9.77468E-01 
207| 83200  |     838     |     842     | 8.40952E+02 |     838     | 1.00511E+00 
208| 83600  |     838     |     842     | 8.40602E+02 |     838     | 9.21680E-01 
209| 84000  |     836     |     842     | 8.40227E+02 |     836     | 7.25082E-01 
210| 84400  |     836     |     840     | 8.39965E+02 |     836     | 3.58852E-01 
211| 84800  |     836     |     840     | 8.39955E+02 |     836     | 4.09848E-01 
212| 85200  |     836     |     840     | 8.39945E+02 |     836     | 4.54945E-01 
213| 85600  |     836     |     840     | 8.39915E+02 |     836     | 5.68133E-01 
214| 86000  |     836     |     840     | 8.39845E+02 |     836     | 7.65490E-01 
215| 86400  |     836     |     840     | 8.39805E+02 |     836     | 8.55555E-01 
216| 86800  |     836     |     840     | 8.39765E+02 |     836     | 9.35294E-01 
217| 87200  |     836     |     840     | 8.39615E+02 |     836     | 1.17549E+00 
218| 87600  |     836     |     840     | 8.39325E+02 |     836     | 1.49478E+00 
219| 88000  |     836     |     840     | 8.38975E+02 |     836     | 1.74338E+00 
220| 88400  |     836     |     840     | 8.38423E+02 |     836     | 1.95038E+00 
221| 88800  |     836     |     840     | 8.37825E+02 |     836     | 1.98353E+00 
222| 89200  |     836     |     840     | 8.36955E+02 |     836     | 1.69499E+00 
223| 89600  |     836     |     839     | 8.36025E+02 |     836     | 2.53722E-01 
224| 90000  |     836     |     836     | 8.36000E+02 |     836     | 0.00000E+00 
225| 90400  |     836     |     836     | 8.36000E+02 |     836     | 0.00000E+00 
226| 90800  |     836     |     836     | 8.36000E+02 |     836     | 0.00000E+00 
227| 91200  |     836     |     836     | 8.36000E+02 |     836     | 0.00000E+00 
228| 91600  |     836     |     836     | 8.36000E+02 |     836     | 0.00000E+00 
229| 92000  |     836     |     836     | 8.36000E+02 |     836     | 0.00000E+00 
230| 92400  |     836     |     836     | 8.36000E+02 |     836     | 0.00000E+00 
231| 92800  |     836     |     836     | 8.36000E+02 |     836     | 0.00000E+00 
232| 93200  |     836     |     836     | 8.36000E+02 |     836     | 0.00000E+00 
233| 93600  |     836     |     836     | 8.36000E+02 |     836     | 0.00000E+00 
234| 94000  |     836     |     836     | 8.36000E+02 |     836     | 0.00000E+00 
235| 94400  |     836     |     836     | 8.36000E+02 |     836     | 0.00000E+00 
236| 94800  |     836     |     836     | 8.36000E+02 |     836     | 0.00000E+00 
237| 95200  |     836     |     836     | 8.36000E+02 |     836     | 0.00000E+00 
238| 95600  |     836     |     836     | 8.36000E+02 |     836     | 0.00000E+00 
239| 96000  |     836     |     836     | 8.36000E+02 |     836     | 0.00000E+00 
240| 96400  |     836     |     836     | 8.36000E+02 |     836     | 0.00000E+00 
241| 96800  |     836     |     836     | 8.36000E+02 |     836     | 0.00000E+00 
242| 97200  |     836     |     836     | 8.36000E+02 |     836     | 0.00000E+00 
243| 97600  |     836     |     836     | 8.36000E+02 |     836     | 0.00000E+00 
244| 98000  |     836     |     836     | 8.36000E+02 |     836     | 0.00000E+00 
245| 98400  |     836     |     836     | 8.36000E+02 |     836     | 0.00000E+00 
246| 98800  |     836     |     836     | 8.36000E+02 |     836     | 0.00000E+00 
247| 99200  |     836     |     836     | 8.36000E+02 |     836     | 0.00000E+00 
248| 99600  |     836     |     836     | 8.36000E+02 |     836     | 0.00000E+00 
249| 100000 |     836     |     836     | 8.36000E+02 |     836     | 0.00000E+00 
250| 100400 |     836     |     836     | 8.36000E+02 |     836     | 0.00000E+00 
251| 100800 |     836     |     836     | 8.36000E+02 |     836     | 0.00000E+00 
252| 101200 |     836     |     836     | 8.36000E+02 |     836     | 0.00000E+00 
253| 101600 |     836     |     836     | 8.36000E+02 |     836     | 0.00000E+00 
254| 102000 |     836     |     836     | 8.36000E+02 |     836     | 0.00000E+00 
255| 102400 |     836     |     836     | 8.36000E+02 |     836     | 0.00000E+00 
256| 102800 |     836     |     836     | 8.36000E+02 |     836     | 0.00000E+00 
257| 103200 |     836     |     836     | 8.36000E+02 |     836     | 0.00000E+00 
258| 103600 |     836     |     836     | 8.36000E+02 |     836     | 0.00000E+00 
259| 104000 |     836     |     836     | 8.36000E+02 |     836     | 0.00000E+00 
260| 104400 |     836     |     836     | 8.36000E+02 |     836     | 0.00000E+00 
261| 104800 |     836     |     836     | 8.36000E+02 |     836     | 0.00000E+00 
262| 105200 |     836     |     836     | 8.36000E+02 |     836     | 0.00000E+00 
263| 105600 |     836     |     836     | 8.36000E+02 |     836     | 0.00000E+00 
264| 106000 |     836     |     836     | 8.36000E+02 |     836     | 0.00000E+00 
265| 106400 |     836     |     836     | 8.36000E+02 |     836     | 0.00000E+00 
266| 106800 |     836     |     836     | 8.36000E+02 |     836     | 0.00000E+00 
267| 107200 |     836     |     836     | 8.36000E+02 |     836     | 0.00000E+00 
268| 107600 |     836     |     836     | 8.36000E+02 |     836     | 0.00000E+00 
269| 108000 |     836     |     836     | 8.36000E+02 |     836     | 0.00000E+00 
270| 108400 |     836     |     836     | 8.36000E+02 |     836     | 0.00000E+00 
271| 108800 |     836     |     836     | 8.36000E+02 |     836     | 0.00000E+00 
272| 109200 |     836     |     836     | 8.36000E+02 |     836     | 0.00000E+00 
273| 109600 |     836     |     836     | 8.36000E+02 |     836     | 0.00000E+00 
274| 110000 |     836     |     836     | 8.36000E+02 |     836     | 0.00000E+00 
275| 110400 |     836     |     836     | 8.36000E+02 |     836     | 0.00000E+00 
276| 110800 |     836     |     836     | 8.36000E+02 |     836     | 0.00000E+00 
277| 111200 |     836     |     836     | 8.36000E+02 |     836     | 0.00000E+00 
278| 111600 |     836     |     836     | 8.36000E+02 |     836     | 0.00000E+00 
279| 112000 |     836     |     836     | 8.36000E+02 |     836     | 0.00000E+00 
280| 112400 |     836     |     836     | 8.36000E+02 |     836     | 0.00000E+00 
281| 112800 |     836     |     836     | 8.36000E+02 |     836     | 0.00000E+00 
282| 113200 |     836     |     836     | 8.36000E+02 |     836     | 0.00000E+00 
283| 113600 |     836     |     836     | 8.36000E+02 |     836     | 0.00000E+00 
284| 114000 |     836     |     836     | 8.36000E+02 |     836     | 0.00000E+00 
285| 114400 |     836     |     836     | 8.36000E+02 |     836     | 0.00000E+00 
286| 114800 |     836     |     836     | 8.36000E+02 |     836     | 0.00000E+00 
287| 115200 |     836     |     836     | 8.36000E+02 |     836     | 0.00000E+00 
288| 115600 |     836     |     836     | 8.36000E+02 |     836     | 0.00000E+00 
种群信息导出完毕。
评价次数：115600
时间已过 90.07810282707214 秒
最小的救援时间为：836
最优的救援方案为：
第1辆车的救援路线：车库→受灾点13→避难所45→救援结束
第2辆车的救援路线：车库→受灾点12→避难所34→受灾点5→避难所32→受灾点2→避难所27→受灾点11→避难所34→受灾点11→避难所30→救援结束
第3辆车的救援路线：车库→受灾点10→避难所34→受灾点18→避难所34→受灾点5→避难所32→受灾点16→避难所45→救援结束
第4辆车的救援路线：车库→受灾点16→避难所40→受灾点16→避难所39→受灾点13→避难所42→救援结束
第5辆车的救援路线：车库→受灾点5→避难所32→受灾点7→避难所38→受灾点8→避难所34→受灾点1→避难所34→救援结束
第6辆车的救援路线：车库→受灾点18→避难所34→受灾点16→避难所42→受灾点16→避难所28→救援结束
第7辆车的救援路线：车库→受灾点16→避难所26→受灾点21→避难所23→救援结束
第8辆车的救援路线：车库→受灾点18→避难所34→受灾点16→避难所33→受灾点13→避难所32→救援结束
第9辆车的救援路线：车库→受灾点16→避难所34→救援结束
第10辆车的救援路线：车库→受灾点13→避难所37→受灾点5→避难所34→受灾点13→避难所23→受灾点13→避难所34→救援结束
第11辆车的救援路线：车库→受灾点7→避难所42→受灾点4→避难所45→救援结束
第12辆车的救援路线：车库→受灾点16→避难所34→受灾点18→避难所24→救援结束
第13辆车的救援路线：车库→受灾点20→避难所43→受灾点14→避难所31→受灾点18→避难所36→救援结束
第14辆车的救援路线：车库→受灾点14→避难所37→受灾点2→避难所38→受灾点18→避难所32→受灾点6→避难所34→受灾点22→避难所41→救援结束
第15辆车的救援路线：车库→受灾点5→避难所45→受灾点16→避难所45→受灾点10→避难所25→受灾点18→避难所40→受灾点18→避难所32→救援结束
第16辆车的救援路线：车库→受灾点13→避难所35→受灾点11→避难所42→救援结束
第17辆车的救援路线：车库→受灾点11→避难所35→受灾点15→避难所38→受灾点11→避难所33→救援结束
第18辆车的救援路线：车库→受灾点5→避难所34→受灾点11→避难所34→受灾点13→避难所42→救援结束
第19辆车的救援路线：车库→受灾点7→避难所34→受灾点7→避难所45→受灾点10→避难所34→受灾点6→避难所34→受灾点13→避难所30→救援结束
第20辆车的救援路线：车库→受灾点16→避难所45→受灾点6→避难所34→救援结束
第21辆车的救援路线：车库→受灾点16→避难所34→受灾点16→避难所32→受灾点9→避难所34→救援结束
第22辆车的救援路线：车库→受灾点22→避难所28→救援结束
第23辆车的救援路线：车库→受灾点5→避难所35→受灾点16→避难所34→受灾点10→避难所41→救援结束
第24辆车的救援路线：车库→受灾点19→避难所45→受灾点13→避难所34→受灾点3→避难所34→受灾点1→避难所46→救援结束
第25辆车的救援路线：车库→受灾点16→避难所34→救援结束
第26辆车的救援路线：车库→受灾点21→避难所33→受灾点16→避难所34→救援结束
第27辆车的救援路线：车库→受灾点13→避难所35→受灾点11→避难所34→救援结束
第28辆车的救援路线：车库→受灾点16→避难所40→救援结束
第29辆车的救援路线：车库→受灾点20→避难所41→受灾点10→避难所34→救援结束
第30辆车的救援路线：车库→受灾点11→避难所34→受灾点5→避难所41→受灾点13→避难所41→救援结束
第31辆车的救援路线：车库→受灾点11→避难所34→受灾点15→避难所45→受灾点14→避难所34→受灾点5→避难所34→救援结束
第32辆车的救援路线：车库→受灾点16→避难所35→受灾点2→避难所38→受灾点20→避难所40→救援结束
第33辆车的救援路线：车库→受灾点10→避难所32→受灾点16→避难所34→受灾点21→避难所42→救援结束
第34辆车的救援路线：车库→受灾点16→避难所34→受灾点16→避难所35→受灾点11→避难所37→救援结束
第35辆车的救援路线：车库→受灾点11→避难所35→救援结束
第36辆车的救援路线：车库→受灾点6→避难所34→救援结束
第37辆车的救援路线：车库→受灾点19→避难所33→受灾点14→避难所27→救援结束
第38辆车的救援路线：车库→受灾点6→避难所42→受灾点21→避难所42→受灾点11→避难所45→救援结束
第39辆车的救援路线：车库→受灾点16→避难所32→受灾点20→避难所34→受灾点13→避难所37→救援结束
第40辆车的救援路线：车库→受灾点5→避难所34→救援结束
第41辆车的救援路线：车库→受灾点10→避难所32→受灾点16→避难所25→受灾点7→避难所34→救援结束
第42辆车的救援路线：车库→受灾点7→避难所45→受灾点13→避难所34→受灾点11→避难所30→受灾点17→避难所42→救援结束
第43辆车的救援路线：车库→受灾点5→避难所32→受灾点11→避难所31→救援结束
第44辆车的救援路线：车库→受灾点8→避难所35→受灾点7→避难所32→受灾点16→避难所42→救援结束
第45辆车的救援路线：车库→受灾点18→避难所34→受灾点13→避难所35→受灾点15→避难所42→救援结束
第46辆车的救援路线：车库→受灾点10→避难所34→救援结束
第47辆车的救援路线：车库→受灾点13→避难所45→受灾点7→避难所38→受灾点5→避难所36→受灾点2→避难所45→受灾点16→避难所31→救援结束
第48辆车的救援路线：车库→受灾点18→避难所40→受灾点5→避难所34→受灾点6→避难所45→受灾点16→避难所45→受灾点2→避难所34→救援结束
第49辆车的救援路线：车库→受灾点18→避难所28→受灾点21→避难所35→受灾点1→避难所34→救援结束
第50辆车的救援路线：车库→受灾点10→避难所45→受灾点16→避难所27→受灾点13→避难所34→受灾点2→避难所41→受灾点3→避难所26→救援结束
