==================================================================================
gen|  eval  |    f_opt    |    f_max    |    f_avg    |    f_min    |    f_std    
----------------------------------------------------------------------------------
 0 |  400   |     1482    |     5014    | 2.53388E+03 |     1482    | 5.72445E+02 
 1 |  800   |     1482    |     2344    | 2.04995E+03 |     1482    | 1.94461E+02 
 2 |  1200  |     1393    |     2088    | 1.89124E+03 |     1393    | 1.44980E+02 
 3 |  1600  |     1393    |     1951    | 1.79111E+03 |     1393    | 1.18723E+02 
 4 |  2000  |     1380    |     1853    | 1.71081E+03 |     1380    | 1.00600E+02 
 5 |  2400  |     1380    |     1763    | 1.64970E+03 |     1380    | 8.44563E+01 
 6 |  2800  |     1302    |     1705    | 1.60021E+03 |     1302    | 7.95356E+01 
 7 |  3200  |     1302    |     1651    | 1.55783E+03 |     1302    | 6.82054E+01 
 8 |  3600  |     1302    |     1609    | 1.52743E+03 |     1302    | 6.09416E+01 
 9 |  4000  |     1296    |     1569    | 1.49215E+03 |     1296    | 5.92415E+01 
 10|  4400  |     1289    |     1536    | 1.46589E+03 |     1289    | 5.58048E+01 
 11|  4800  |     1249    |     1512    | 1.43943E+03 |     1249    | 5.22875E+01 
 12|  5200  |     1249    |     1480    | 1.41517E+03 |     1249    | 4.59145E+01 
 13|  5600  |     1203    |     1451    | 1.39580E+03 |     1203    | 4.13392E+01 
 14|  6000  |     1203    |     1428    | 1.37865E+03 |     1203    | 3.74018E+01 
 15|  6400  |     1203    |     1408    | 1.36469E+03 |     1203    | 3.39021E+01 
 16|  6800  |     1203    |     1390    | 1.34962E+03 |     1203    | 3.32922E+01 
 17|  7200  |     1203    |     1377    | 1.33610E+03 |     1203    | 3.34187E+01 
 18|  7600  |     1203    |     1363    | 1.32591E+03 |     1203    | 3.19103E+01 
 19|  8000  |     1195    |     1355    | 1.31561E+03 |     1195    | 3.23872E+01 
 20|  8400  |     1171    |     1342    | 1.30461E+03 |     1171    | 3.23699E+01 
 21|  8800  |     1171    |     1335    | 1.29356E+03 |     1171    | 3.23136E+01 
 22|  9200  |     1143    |     1323    | 1.28409E+03 |     1143    | 3.30248E+01 
 23|  9600  |     1143    |     1316    | 1.27469E+03 |     1143    | 3.24994E+01 
 24| 10000  |     1143    |     1305    | 1.26532E+03 |     1143    | 3.21424E+01 
 25| 10400  |     1143    |     1292    | 1.25531E+03 |     1143    | 3.06431E+01 
 26| 10800  |     1143    |     1286    | 1.24803E+03 |     1143    | 3.11444E+01 
 27| 11200  |     1079    |     1278    | 1.23974E+03 |     1079    | 3.11159E+01 
 28| 11600  |     1079    |     1268    | 1.23143E+03 |     1079    | 3.14817E+01 
 29| 12000  |     1079    |     1261    | 1.22310E+03 |     1079    | 3.13308E+01 
 30| 12400  |     1079    |     1253    | 1.21538E+03 |     1079    | 3.01355E+01 
 31| 12800  |     1079    |     1244    | 1.20827E+03 |     1079    | 2.91291E+01 
 32| 13200  |     1079    |     1236    | 1.20180E+03 |     1079    | 2.91935E+01 
 33| 13600  |     1079    |     1229    | 1.19651E+03 |     1079    | 2.92412E+01 
 34| 14000  |     1079    |     1222    | 1.18830E+03 |     1079    | 2.98127E+01 
 35| 14400  |     1055    |     1211    | 1.17870E+03 |     1055    | 2.95369E+01 
 36| 14800  |     1055    |     1202    | 1.16718E+03 |     1055    | 2.94388E+01 
 37| 15200  |     1055    |     1192    | 1.15696E+03 |     1055    | 2.83012E+01 
 38| 15600  |     1055    |     1178    | 1.14531E+03 |     1055    | 2.69679E+01 
 39| 16000  |     1055    |     1167    | 1.13519E+03 |     1055    | 2.54869E+01 
 40| 16400  |     1055    |     1158    | 1.12547E+03 |     1055    | 2.35833E+01 
 41| 16800  |     1047    |     1146    | 1.11561E+03 |     1047    | 2.15841E+01 
 42| 17200  |     1038    |     1135    | 1.10679E+03 |     1038    | 1.89899E+01 
 43| 17600  |     1016    |     1121    | 1.09841E+03 |     1016    | 1.78161E+01 
 44| 18000  |     1016    |     1115    | 1.09310E+03 |     1016    | 1.70495E+01 
 45| 18400  |     1016    |     1107    | 1.08736E+03 |     1016    | 1.65522E+01 
 46| 18800  |     1016    |     1102    | 1.08218E+03 |     1016    | 1.64284E+01 
 47| 19200  |     1016    |     1099    | 1.07764E+03 |     1016    | 1.56599E+01 
 48| 19600  |     971     |     1094    | 1.07318E+03 |     971     | 1.50727E+01 
 49| 20000  |     971     |     1086    | 1.06838E+03 |     971     | 1.36297E+01 
 50| 20400  |     971     |     1080    | 1.06473E+03 |     971     | 1.30628E+01 
 51| 20800  |     971     |     1078    | 1.06058E+03 |     971     | 1.23852E+01 
 52| 21200  |     971     |     1073    | 1.05807E+03 |     971     | 1.16616E+01 
 53| 21600  |     971     |     1068    | 1.05514E+03 |     971     | 1.23738E+01 
 54| 22000  |     971     |     1065    | 1.05233E+03 |     971     | 1.24417E+01 
 55| 22400  |     971     |     1065    | 1.04920E+03 |     971     | 1.23699E+01 
 56| 22800  |     971     |     1060    | 1.04613E+03 |     971     | 1.27731E+01 
 57| 23200  |     971     |     1055    | 1.04316E+03 |     971     | 1.34547E+01 
 58| 23600  |     971     |     1054    | 1.03930E+03 |     971     | 1.43584E+01 
 59| 24000  |     971     |     1052    | 1.03594E+03 |     971     | 1.42988E+01 
 60| 24400  |     971     |     1047    | 1.03207E+03 |     971     | 1.49373E+01 
 61| 24800  |     969     |     1044    | 1.02794E+03 |     969     | 1.54276E+01 
 62| 25200  |     969     |     1039    | 1.02447E+03 |     969     | 1.53793E+01 
 63| 25600  |     969     |     1037    | 1.02089E+03 |     969     | 1.57932E+01 
 64| 26000  |     969     |     1034    | 1.01750E+03 |     969     | 1.56038E+01 
 65| 26400  |     964     |     1030    | 1.01333E+03 |     964     | 1.55933E+01 
 66| 26800  |     964     |     1027    | 1.01044E+03 |     964     | 1.55633E+01 
 67| 27200  |     964     |     1025    | 1.00644E+03 |     964     | 1.55848E+01 
 68| 27600  |     964     |     1020    | 1.00246E+03 |     964     | 1.52918E+01 
 69| 28000  |     964     |     1017    | 9.98545E+02 |     964     | 1.49288E+01 
 70| 28400  |     957     |     1015    | 9.95362E+02 |     957     | 1.44209E+01 
 71| 28800  |     957     |     1010    | 9.90400E+02 |     957     | 1.32731E+01 
 72| 29200  |     957     |     1004    | 9.86040E+02 |     957     | 1.18046E+01 
 73| 29600  |     957     |     999     | 9.81812E+02 |     957     | 1.03584E+01 
 74| 30000  |     957     |     990     | 9.77597E+02 |     957     | 8.77015E+00 
 75| 30400  |     957     |     985     | 9.73388E+02 |     957     | 7.08324E+00 
 76| 30800  |     957     |     979     | 9.69780E+02 |     957     | 4.49907E+00 
 77| 31200  |     957     |     972     | 9.68033E+02 |     957     | 3.30854E+00 
 78| 31600  |     954     |     971     | 9.66753E+02 |     954     | 3.20176E+00 
 79| 32000  |     954     |     971     | 9.65438E+02 |     954     | 2.51815E+00 
 80| 32400  |     954     |     966     | 9.64280E+02 |     954     | 1.49218E+00 
 81| 32800  |     954     |     965     | 9.63997E+02 |     954     | 1.61167E+00 
 82| 33200  |     954     |     965     | 9.63700E+02 |     954     | 1.71901E+00 
 83| 33600  |     950     |     965     | 9.63205E+02 |     950     | 1.89947E+00 
 84| 34000  |     945     |     965     | 9.62697E+02 |     945     | 2.04719E+00 
 85| 34400  |     945     |     964     | 9.61980E+02 |     945     | 1.92992E+00 
 86| 34800  |     945     |     964     | 9.61418E+02 |     945     | 1.89689E+00 
 87| 35200  |     945     |     963     | 9.60955E+02 |     945     | 1.93597E+00 
 88| 35600  |     945     |     962     | 9.60482E+02 |     945     | 1.90255E+00 
 89| 36000  |     945     |     961     | 9.60317E+02 |     945     | 2.16488E+00 
 90| 36400  |     945     |     961     | 9.60247E+02 |     945     | 2.24972E+00 
 91| 36800  |     942     |     961     | 9.60035E+02 |     942     | 2.64741E+00 
 92| 37200  |     942     |     961     | 9.59770E+02 |     942     | 2.95755E+00 
 93| 37600  |     929     |     961     | 9.59367E+02 |     929     | 3.62180E+00 
 94| 38000  |     929     |     961     | 9.58977E+02 |     929     | 4.25523E+00 
 95| 38400  |     929     |     961     | 9.58548E+02 |     929     | 4.47188E+00 
 96| 38800  |     929     |     961     | 9.57913E+02 |     929     | 4.89028E+00 
 97| 39200  |     929     |     961     | 9.57303E+02 |     929     | 5.31234E+00 
 98| 39600  |     929     |     961     | 9.56053E+02 |     929     | 5.75237E+00 
 99| 40000  |     913     |     961     | 9.54790E+02 |     913     | 6.39890E+00 
100| 40400  |     913     |     961     | 9.53225E+02 |     913     | 6.82967E+00 
101| 40800  |     913     |     959     | 9.51673E+02 |     913     | 6.69031E+00 
102| 41200  |     911     |     957     | 9.50265E+02 |     911     | 6.94872E+00 
103| 41600  |     911     |     957     | 9.48725E+02 |     911     | 7.16829E+00 
104| 42000  |     911     |     954     | 9.47415E+02 |     911     | 7.37142E+00 
105| 42400  |     911     |     952     | 9.46107E+02 |     911     | 7.53465E+00 
106| 42800  |     911     |     951     | 9.45060E+02 |     911     | 7.73378E+00 
107| 43200  |     911     |     950     | 9.43695E+02 |     911     | 8.59575E+00 
108| 43600  |     901     |     950     | 9.41715E+02 |     901     | 9.32597E+00 
109| 44000  |     901     |     950     | 9.39702E+02 |     901     | 9.54379E+00 
110| 44400  |     901     |     950     | 9.37085E+02 |     901     | 9.34895E+00 
111| 44800  |     901     |     947     | 9.35077E+02 |     901     | 9.01452E+00 
112| 45200  |     901     |     944     | 9.32910E+02 |     901     | 8.59866E+00 
113| 45600  |     901     |     942     | 9.29982E+02 |     901     | 8.60216E+00 
114| 46000  |     893     |     938     | 9.27040E+02 |     893     | 8.27456E+00 
115| 46400  |     893     |     933     | 9.24850E+02 |     893     | 8.22086E+00 
116| 46800  |     893     |     930     | 9.22808E+02 |     893     | 8.84451E+00 
117| 47200  |     891     |     929     | 9.20015E+02 |     891     | 9.72367E+00 
118| 47600  |     891     |     929     | 9.16832E+02 |     891     | 9.83994E+00 
119| 48000  |     891     |     928     | 9.14438E+02 |     891     | 9.14500E+00 
120| 48400  |     891     |     925     | 9.12153E+02 |     891     | 7.98995E+00 
121| 48800  |     891     |     921     | 9.09872E+02 |     891     | 7.06019E+00 
122| 49200  |     891     |     917     | 9.08008E+02 |     891     | 6.47977E+00 
123| 49600  |     891     |     915     | 9.06183E+02 |     891     | 5.98533E+00 
124| 50000  |     891     |     913     | 9.04467E+02 |     891     | 5.57081E+00 
125| 50400  |     889     |     909     | 9.02945E+02 |     889     | 5.14606E+00 
126| 50800  |     881     |     908     | 9.01560E+02 |     881     | 5.25989E+00 
127| 51200  |     881     |     907     | 9.00467E+02 |     881     | 5.08664E+00 
128| 51600  |     881     |     905     | 8.98888E+02 |     881     | 5.03437E+00 
129| 52000  |     881     |     904     | 8.97365E+02 |     881     | 4.74518E+00 
130| 52400  |     879     |     904     | 8.95515E+02 |     879     | 3.95219E+00 
131| 52800  |     879     |     901     | 8.94110E+02 |     879     | 2.68103E+00 
132| 53200  |     879     |     897     | 8.93200E+02 |     879     | 2.15523E+00 
133| 53600  |     879     |     894     | 8.92812E+02 |     879     | 2.24106E+00 
134| 54000  |     879     |     894     | 8.92462E+02 |     879     | 2.53251E+00 
135| 54400  |     879     |     894     | 8.92008E+02 |     879     | 2.69396E+00 
136| 54800  |     879     |     893     | 8.91800E+02 |     879     | 2.85570E+00 
137| 55200  |     867     |     893     | 8.91280E+02 |     867     | 3.56253E+00 
138| 55600  |     867     |     893     | 8.90722E+02 |     867     | 3.87305E+00 
139| 56000  |     867     |     893     | 8.90220E+02 |     867     | 4.10507E+00 
140| 56400  |     867     |     893     | 8.89438E+02 |     867     | 4.44759E+00 
141| 56800  |     867     |     893     | 8.88495E+02 |     867     | 4.58421E+00 
142| 57200  |     867     |     893     | 8.87388E+02 |     867     | 4.54283E+00 
143| 57600  |     867     |     892     | 8.86040E+02 |     867     | 4.31143E+00 
144| 58000  |     867     |     891     | 8.84798E+02 |     867     | 3.98328E+00 
145| 58400  |     866     |     890     | 8.83260E+02 |     866     | 3.47166E+00 
146| 58800  |     866     |     885     | 8.82232E+02 |     866     | 3.31111E+00 
147| 59200  |     866     |     885     | 8.81425E+02 |     866     | 3.61792E+00 
148| 59600  |     865     |     884     | 8.80720E+02 |     865     | 3.70966E+00 
149| 60000  |     865     |     884     | 8.80000E+02 |     865     | 3.85227E+00 
150| 60400  |     865     |     882     | 8.79148E+02 |     865     | 4.08910E+00 
151| 60800  |     865     |     881     | 8.78663E+02 |     865     | 4.43662E+00 
152| 61200  |     865     |     881     | 8.77820E+02 |     865     | 5.02868E+00 
153| 61600  |     851     |     881     | 8.76982E+02 |     851     | 5.61224E+00 
154| 62000  |     851     |     881     | 8.76250E+02 |     851     | 5.81829E+00 
155| 62400  |     843     |     881     | 8.74827E+02 |     843     | 6.27756E+00 
156| 62800  |     843     |     881     | 8.73732E+02 |     843     | 6.11563E+00 
157| 63200  |     843     |     881     | 8.71720E+02 |     843     | 5.49605E+00 
158| 63600  |     843     |     879     | 8.70322E+02 |     843     | 4.51979E+00 
159| 64000  |     843     |     876     | 8.69260E+02 |     843     | 3.69897E+00 
160| 64400  |     843     |     873     | 8.68372E+02 |     843     | 3.62060E+00 
161| 64800  |     843     |     873     | 8.67237E+02 |     843     | 3.16166E+00 
162| 65200  |     843     |     871     | 8.66452E+02 |     843     | 2.71712E+00 
163| 65600  |     843     |     867     | 8.66062E+02 |     843     | 2.83612E+00 
164| 66000  |     843     |     867     | 8.65820E+02 |     843     | 3.14684E+00 
165| 66400  |     843     |     867     | 8.65492E+02 |     843     | 3.56720E+00 
166| 66800  |     843     |     867     | 8.65095E+02 |     843     | 3.96623E+00 
167| 67200  |     843     |     867     | 8.64580E+02 |     843     | 4.49707E+00 
168| 67600  |     843     |     867     | 8.63980E+02 |     843     | 4.87746E+00 
169| 68000  |     843     |     867     | 8.63440E+02 |     843     | 5.08541E+00 
170| 68400  |     843     |     867     | 8.62717E+02 |     843     | 5.15293E+00 
171| 68800  |     843     |     867     | 8.62105E+02 |     843     | 5.14140E+00 
172| 69200  |     843     |     866     | 8.61315E+02 |     843     | 5.40285E+00 
173| 69600  |     843     |     866     | 8.60048E+02 |     843     | 5.62319E+00 
174| 70000  |     843     |     865     | 8.59060E+02 |     843     | 5.74381E+00 
175| 70400  |     843     |     865     | 8.57962E+02 |     843     | 5.64146E+00 
176| 70800  |     843     |     865     | 8.56600E+02 |     843     | 5.35910E+00 
177| 71200  |     843     |     861     | 8.55140E+02 |     843     | 5.25408E+00 
178| 71600  |     843     |     859     | 8.54020E+02 |     843     | 5.36559E+00 
179| 72000  |     843     |     859     | 8.53185E+02 |     843     | 5.39729E+00 
180| 72400  |     841     |     859     | 8.52290E+02 |     841     | 5.22598E+00 
181| 72800  |     841     |     857     | 8.50928E+02 |     841     | 4.88899E+00 
182| 73200  |     841     |     857     | 8.50060E+02 |     841     | 4.68523E+00 
183| 73600  |     841     |     857     | 8.48635E+02 |     841     | 3.98143E+00 
184| 74000  |     841     |     855     | 8.47630E+02 |     841     | 3.35978E+00 
185| 74400  |     841     |     852     | 8.46643E+02 |     841     | 2.72483E+00 
186| 74800  |     841     |     851     | 8.46038E+02 |     841     | 2.36032E+00 
187| 75200  |     841     |     851     | 8.45602E+02 |     841     | 2.01234E+00 
188| 75600  |     841     |     849     | 8.45058E+02 |     841     | 1.58088E+00 
189| 76000  |     841     |     847     | 8.44707E+02 |     841     | 1.34236E+00 
190| 76400  |     841     |     847     | 8.44372E+02 |     841     | 1.20778E+00 
191| 76800  |     841     |     845     | 8.44100E+02 |     841     | 1.17047E+00 
192| 77200  |     841     |     845     | 8.43880E+02 |     841     | 1.21474E+00 
193| 77600  |     841     |     845     | 8.43582E+02 |     841     | 1.19298E+00 
194| 78000  |     841     |     845     | 8.43280E+02 |     841     | 1.10526E+00 
195| 78400  |     841     |     845     | 8.43030E+02 |     841     | 9.45569E-01 
196| 78800  |     834     |     843     | 8.42710E+02 |     834     | 7.84793E-01 
197| 79200  |     834     |     843     | 8.42620E+02 |     834     | 9.38403E-01 
198| 79600  |     834     |     843     | 8.42513E+02 |     834     | 9.89871E-01 
199| 80000  |     834     |     843     | 8.42385E+02 |     834     | 1.11659E+00 
200| 80400  |     819     |     843     | 8.42210E+02 |     819     | 1.62508E+00 
201| 80800  |     819     |     843     | 8.41990E+02 |     819     | 1.72769E+00 
202| 81200  |     819     |     843     | 8.41825E+02 |     819     | 1.76618E+00 
203| 81600  |     819     |     843     | 8.41452E+02 |     819     | 2.33297E+00 
204| 82000  |     819     |     843     | 8.40967E+02 |     819     | 2.84543E+00 
205| 82400  |     819     |     843     | 8.40565E+02 |     819     | 2.91732E+00 
206| 82800  |     819     |     842     | 8.40120E+02 |     819     | 3.42061E+00 
207| 83200  |     819     |     841     | 8.39822E+02 |     819     | 3.86471E+00 
208| 83600  |     819     |     841     | 8.39420E+02 |     819     | 4.40325E+00 
209| 84000  |     819     |     841     | 8.38732E+02 |     819     | 5.21066E+00 
210| 84400  |     813     |     841     | 8.37755E+02 |     813     | 6.10860E+00 
211| 84800  |     813     |     841     | 8.36730E+02 |     813     | 6.65147E+00 
212| 85200  |     813     |     841     | 8.34967E+02 |     813     | 7.29153E+00 
213| 85600  |     813     |     841     | 8.32845E+02 |     813     | 7.45090E+00 
214| 86000  |     813     |     841     | 8.29865E+02 |     813     | 6.91750E+00 
215| 86400  |     813     |     835     | 8.26337E+02 |     813     | 5.65275E+00 
216| 86800  |     813     |     830     | 8.23683E+02 |     813     | 4.35106E+00 
217| 87200  |     813     |     828     | 8.22278E+02 |     813     | 3.78424E+00 
218| 87600  |     813     |     827     | 8.20403E+02 |     813     | 2.33998E+00 
219| 88000  |     813     |     824     | 8.19320E+02 |     813     | 1.28748E+00 
220| 88400  |     813     |     819     | 8.18940E+02 |     813     | 5.96992E-01 
221| 88800  |     813     |     819     | 8.18910E+02 |     813     | 7.29315E-01 
222| 89200  |     813     |     819     | 8.18880E+02 |     813     | 8.40000E-01 
223| 89600  |     813     |     819     | 8.18803E+02 |     813     | 1.06466E+00 
224| 90000  |     813     |     819     | 8.18727E+02 |     813     | 1.24428E+00 
225| 90400  |     813     |     819     | 8.18668E+02 |     813     | 1.35902E+00 
226| 90800  |     813     |     819     | 8.18562E+02 |     813     | 1.54793E+00 
227| 91200  |     813     |     819     | 8.18445E+02 |     813     | 1.70938E+00 
228| 91600  |     813     |     819     | 8.18322E+02 |     813     | 1.86909E+00 
229| 92000  |     813     |     819     | 8.18018E+02 |     813     | 2.18911E+00 
230| 92400  |     813     |     819     | 8.17600E+02 |     813     | 2.50799E+00 
231| 92800  |     813     |     819     | 8.17170E+02 |     813     | 2.72600E+00 
232| 93200  |     812     |     819     | 8.16508E+02 |     812     | 2.90860E+00 
233| 93600  |     812     |     819     | 8.15688E+02 |     812     | 2.91888E+00 
234| 94000  |     812     |     819     | 8.14673E+02 |     812     | 2.60005E+00 
235| 94400  |     812     |     819     | 8.13460E+02 |     812     | 1.41188E+00 
236| 94800  |     812     |     813     | 8.12990E+02 |     812     | 9.94987E-02 
237| 95200  |     812     |     813     | 8.12985E+02 |     812     | 1.21552E-01 
238| 95600  |     812     |     813     | 8.12980E+02 |     812     | 1.40000E-01 
239| 96000  |     812     |     813     | 8.12965E+02 |     812     | 1.83780E-01 
240| 96400  |     812     |     813     | 8.12960E+02 |     812     | 1.95959E-01 
241| 96800  |     812     |     813     | 8.12945E+02 |     812     | 2.27980E-01 
242| 97200  |     812     |     813     | 8.12920E+02 |     812     | 2.71293E-01 
243| 97600  |     812     |     813     | 8.12900E+02 |     812     | 3.00000E-01 
244| 98000  |     812     |     813     | 8.12845E+02 |     812     | 3.61905E-01 
245| 98400  |     812     |     813     | 8.12788E+02 |     812     | 4.09077E-01 
246| 98800  |     798     |     813     | 8.12648E+02 |     798     | 8.67896E-01 
247| 99200  |     798     |     813     | 8.12490E+02 |     798     | 8.80284E-01 
248| 99600  |     798     |     813     | 8.12278E+02 |     798     | 8.51759E-01 
249| 100000 |     798     |     813     | 8.11992E+02 |     798     | 7.22803E-01 
250| 100400 |     798     |     812     | 8.11962E+02 |     798     | 7.00781E-01 
251| 100800 |     798     |     812     | 8.11962E+02 |     798     | 7.00781E-01 
252| 101200 |     798     |     812     | 8.11962E+02 |     798     | 7.00781E-01 
253| 101600 |     798     |     812     | 8.11957E+02 |     798     | 7.04055E-01 
254| 102000 |     798     |     812     | 8.11952E+02 |     798     | 7.07279E-01 
255| 102400 |     798     |     812     | 8.11895E+02 |     798     | 1.03874E+00 
256| 102800 |     798     |     812     | 8.11855E+02 |     798     | 1.25059E+00 
257| 103200 |     798     |     812     | 8.11842E+02 |     798     | 1.25407E+00 
258| 103600 |     798     |     812     | 8.11793E+02 |     798     | 1.34887E+00 
259| 104000 |     798     |     812     | 8.11650E+02 |     798     | 1.73566E+00 
260| 104400 |     798     |     812     | 8.11485E+02 |     798     | 2.01861E+00 
261| 104800 |     798     |     812     | 8.11308E+02 |     798     | 2.30715E+00 
262| 105200 |     798     |     812     | 8.11008E+02 |     798     | 2.77082E+00 
263| 105600 |     798     |     812     | 8.10665E+02 |     798     | 3.14369E+00 
264| 106000 |     798     |     812     | 8.10188E+02 |     798     | 3.49175E+00 
265| 106400 |     798     |     812     | 8.09120E+02 |     798     | 4.08969E+00 
266| 106800 |     798     |     812     | 8.08030E+02 |     798     | 4.45523E+00 
267| 107200 |     798     |     811     | 8.06577E+02 |     798     | 4.80718E+00 
268| 107600 |     798     |     811     | 8.05025E+02 |     798     | 4.77801E+00 
269| 108000 |     797     |     811     | 8.03110E+02 |     797     | 4.07528E+00 
270| 108400 |     796     |     806     | 8.01383E+02 |     796     | 3.15534E+00 
271| 108800 |     796     |     804     | 7.99895E+02 |     796     | 2.24142E+00 
272| 109200 |     796     |     802     | 7.98977E+02 |     796     | 1.77539E+00 
273| 109600 |     796     |     802     | 7.97975E+02 |     796     | 3.52668E-01 
274| 110000 |     796     |     798     | 7.97930E+02 |     796     | 3.08383E-01 
275| 110400 |     796     |     798     | 7.97890E+02 |     796     | 3.71349E-01 
276| 110800 |     796     |     798     | 7.97852E+02 |     796     | 4.19218E-01 
277| 111200 |     796     |     798     | 7.97798E+02 |     796     | 4.86306E-01 
278| 111600 |     796     |     798     | 7.97695E+02 |     796     | 5.67428E-01 
279| 112000 |     796     |     798     | 7.97605E+02 |     796     | 6.07433E-01 
280| 112400 |     796     |     798     | 7.97452E+02 |     796     | 6.46331E-01 
281| 112800 |     796     |     798     | 7.97237E+02 |     796     | 6.52759E-01 
282| 113200 |     796     |     798     | 7.97003E+02 |     796     | 6.06213E-01 
283| 113600 |     796     |     797     | 7.96737E+02 |     796     | 4.39993E-01 
284| 114000 |     796     |     797     | 7.96633E+02 |     796     | 4.82124E-01 
285| 114400 |     796     |     797     | 7.96485E+02 |     796     | 4.99775E-01 
286| 114800 |     796     |     797     | 7.96288E+02 |     796     | 4.52597E-01 
287| 115200 |     794     |     797     | 7.96058E+02 |     794     | 2.63047E-01 
288| 115600 |     794     |     796     | 7.95995E+02 |     794     | 9.98749E-02 
289| 116000 |     794     |     796     | 7.95995E+02 |     794     | 9.98749E-02 
290| 116400 |     794     |     796     | 7.95990E+02 |     794     | 1.41067E-01 
291| 116800 |     794     |     796     | 7.95990E+02 |     794     | 1.41067E-01 
292| 117200 |     794     |     796     | 7.95975E+02 |     794     | 2.22205E-01 
293| 117600 |     794     |     796     | 7.95955E+02 |     794     | 2.96606E-01 
294| 118000 |     794     |     796     | 7.95955E+02 |     794     | 2.96606E-01 
295| 118400 |     794     |     796     | 7.95940E+02 |     794     | 3.41174E-01 
296| 118800 |     794     |     796     | 7.95900E+02 |     794     | 4.35890E-01 
种群信息导出完毕。
评价次数：118800
时间已过 95.20765423774719 秒
最小的救援时间为：794
最优的救援方案为：
第1辆车的救援路线：车库→受灾点20→避难所42→救援结束
第2辆车的救援路线：车库→受灾点5→避难所34→救援结束
第3辆车的救援路线：车库→受灾点18→避难所34→救援结束
第4辆车的救援路线：车库→受灾点11→避难所34→受灾点16→避难所41→受灾点19→避难所32→救援结束
第5辆车的救援路线：车库→受灾点22→避难所23→救援结束
第6辆车的救援路线：车库→受灾点14→避难所42→救援结束
第7辆车的救援路线：车库→受灾点8→避难所42→受灾点15→避难所32→救援结束
第8辆车的救援路线：车库→受灾点1→避难所34→救援结束
第9辆车的救援路线：车库→受灾点16→避难所35→受灾点13→避难所34→救援结束
第10辆车的救援路线：车库→受灾点11→避难所34→救援结束
第11辆车的救援路线：车库→受灾点18→避难所45→受灾点16→避难所34→受灾点20→避难所34→救援结束
第12辆车的救援路线：车库→受灾点13→避难所38→受灾点2→避难所32→受灾点11→避难所37→受灾点12→避难所42→受灾点5→避难所34→救援结束
第13辆车的救援路线：车库→受灾点16→避难所30→受灾点16→避难所45→受灾点16→避难所34→受灾点10→避难所32→救援结束
第14辆车的救援路线：车库→受灾点11→避难所34→受灾点2→避难所38→受灾点8→避难所34→受灾点5→避难所34→受灾点11→避难所34→救援结束
第15辆车的救援路线：车库→受灾点18→避难所34→受灾点21→避难所30→受灾点5→避难所34→受灾点15→避难所38→受灾点6→避难所34→救援结束
第16辆车的救援路线：车库→受灾点20→避难所45→受灾点6→避难所40→受灾点2→避难所34→受灾点6→避难所26→受灾点5→避难所34→救援结束
第17辆车的救援路线：车库→受灾点6→避难所38→受灾点13→避难所30→受灾点5→避难所34→受灾点5→避难所38→受灾点3→避难所32→受灾点5→避难所34→救援结束
第18辆车的救援路线：车库→受灾点21→避难所35→受灾点16→避难所41→救援结束
第19辆车的救援路线：车库→受灾点13→避难所34→受灾点13→避难所34→受灾点16→避难所45→受灾点11→避难所42→救援结束
第20辆车的救援路线：车库→受灾点16→避难所35→受灾点16→避难所46→救援结束
第21辆车的救援路线：车库→受灾点16→避难所32→受灾点13→避难所35→救援结束
第22辆车的救援路线：车库→受灾点21→避难所35→救援结束
第23辆车的救援路线：车库→受灾点7→避难所32→受灾点16→避难所32→受灾点6→避难所34→受灾点11→避难所34→救援结束
第24辆车的救援路线：车库→受灾点14→避难所28→受灾点10→避难所34→受灾点10→避难所28→救援结束
第25辆车的救援路线：车库→受灾点16→避难所34→救援结束
第26辆车的救援路线：车库→受灾点5→避难所40→受灾点11→避难所34→受灾点19→避难所26→受灾点2→避难所30→受灾点1→避难所30→受灾点10→避难所26→救援结束
第27辆车的救援路线：车库→受灾点16→避难所34→受灾点11→避难所42→救援结束
第28辆车的救援路线：车库→受灾点13→避难所42→受灾点7→避难所35→救援结束
第29辆车的救援路线：车库→受灾点6→避难所34→受灾点13→避难所36→受灾点10→避难所25→受灾点10→避难所32→救援结束
第30辆车的救援路线：车库→受灾点21→避难所42→受灾点13→避难所34→受灾点16→避难所34→救援结束
第31辆车的救援路线：车库→受灾点10→避难所27→受灾点7→避难所34→受灾点2→避难所46→受灾点17→避难所34→救援结束
第32辆车的救援路线：车库→受灾点18→避难所32→受灾点13→避难所35→受灾点18→避难所34→救援结束
第33辆车的救援路线：车库→受灾点5→避难所26→受灾点14→避难所45→受灾点16→避难所34→受灾点16→避难所30→受灾点2→避难所34→救援结束
第34辆车的救援路线：车库→受灾点16→避难所32→救援结束
第35辆车的救援路线：车库→受灾点18→避难所23→受灾点18→避难所30→受灾点15→避难所32→受灾点5→避难所42→救援结束
第36辆车的救援路线：车库→受灾点18→避难所38→受灾点10→避难所30→受灾点5→避难所35→受灾点7→避难所34→救援结束
第37辆车的救援路线：车库→受灾点20→避难所34→救援结束
第38辆车的救援路线：车库→受灾点3→避难所41→受灾点13→避难所42→救援结束
第39辆车的救援路线：车库→受灾点11→避难所42→受灾点11→避难所32→受灾点1→避难所32→救援结束
第40辆车的救援路线：车库→受灾点13→避难所34→受灾点13→避难所34→受灾点18→避难所34→受灾点7→避难所45→救援结束
第41辆车的救援路线：车库→受灾点16→避难所34→受灾点4→避难所23→受灾点11→避难所35→救援结束
第42辆车的救援路线：车库→受灾点13→避难所26→受灾点7→避难所45→受灾点16→避难所34→受灾点16→避难所45→受灾点16→避难所45→救援结束
第43辆车的救援路线：车库→受灾点11→避难所32→受灾点16→避难所32→受灾点18→避难所37→受灾点11→避难所42→救援结束
第44辆车的救援路线：车库→受灾点13→避难所41→受灾点10→避难所42→受灾点5→避难所34→救援结束
第45辆车的救援路线：车库→受灾点16→避难所34→受灾点16→避难所36→救援结束
第46辆车的救援路线：车库→受灾点18→避难所34→受灾点13→避难所34→受灾点14→避难所26→救援结束
第47辆车的救援路线：车库→受灾点16→避难所38→救援结束
第48辆车的救援路线：车库→受灾点22→避难所32→受灾点7→避难所37→救援结束
第49辆车的救援路线：车库→受灾点9→避难所34→受灾点7→避难所34→受灾点13→避难所34→受灾点21→避难所34→救援结束
第50辆车的救援路线：车库→受灾点16→避难所41→救援结束
