==================================================================================
gen|  eval  |    f_opt    |    f_max    |    f_avg    |    f_min    |    f_std    
----------------------------------------------------------------------------------
 0 |  400   |     1466    |     5008    | 2.57562E+03 |     1466    | 5.96956E+02 
 1 |  800   |     1466    |     2380    | 2.06552E+03 |     1466    | 2.08048E+02 
 2 |  1200  |     1435    |     2094    | 1.88516E+03 |     1435    | 1.50043E+02 
 3 |  1600  |     1302    |     1961    | 1.78558E+03 |     1302    | 1.23518E+02 
 4 |  2000  |     1302    |     1842    | 1.70217E+03 |     1302    | 9.97567E+01 
 5 |  2400  |     1249    |     1764    | 1.64459E+03 |     1249    | 8.83215E+01 
 6 |  2800  |     1249    |     1697    | 1.59392E+03 |     1249    | 7.74539E+01 
 7 |  3200  |     1249    |     1646    | 1.55312E+03 |     1249    | 7.43764E+01 
 8 |  3600  |     1249    |     1603    | 1.51850E+03 |     1249    | 7.15059E+01 
 9 |  4000  |     1249    |     1569    | 1.48497E+03 |     1249    | 6.96140E+01 
 10|  4400  |     1249    |     1544    | 1.46243E+03 |     1249    | 6.62936E+01 
 11|  4800  |     1249    |     1512    | 1.43494E+03 |     1249    | 5.95855E+01 
 12|  5200  |     1249    |     1484    | 1.41439E+03 |     1249    | 5.51194E+01 
 13|  5600  |     1249    |     1463    | 1.39082E+03 |     1249    | 4.93825E+01 
 14|  6000  |     1173    |     1434    | 1.37208E+03 |     1173    | 4.57331E+01 
 15|  6400  |     1127    |     1411    | 1.35521E+03 |     1127    | 4.60952E+01 
 16|  6800  |     1127    |     1395    | 1.33866E+03 |     1127    | 4.58714E+01 
 17|  7200  |     1127    |     1376    | 1.32324E+03 |     1127    | 4.31365E+01 
 18|  7600  |     1127    |     1360    | 1.30945E+03 |     1127    | 4.15636E+01 
 19|  8000  |     1127    |     1346    | 1.29671E+03 |     1127    | 4.17514E+01 
 20|  8400  |     1127    |     1329    | 1.28289E+03 |     1127    | 3.92683E+01 
 21|  8800  |     1112    |     1316    | 1.26881E+03 |     1112    | 3.91855E+01 
 22|  9200  |     1112    |     1302    | 1.25462E+03 |     1112    | 3.71649E+01 
 23|  9600  |     1112    |     1286    | 1.23980E+03 |     1112    | 3.69915E+01 
 24| 10000  |     1086    |     1268    | 1.22221E+03 |     1086    | 3.72864E+01 
 25| 10400  |     1086    |     1247    | 1.20268E+03 |     1086    | 3.39737E+01 
 26| 10800  |     1082    |     1228    | 1.18644E+03 |     1082    | 2.98838E+01 
 27| 11200  |     1082    |     1206    | 1.17136E+03 |     1082    | 2.68771E+01 
 28| 11600  |     1013    |     1190    | 1.15577E+03 |     1013    | 2.56053E+01 
 29| 12000  |     1013    |     1173    | 1.14446E+03 |     1013    | 2.40223E+01 
 30| 12400  |     1013    |     1162    | 1.13343E+03 |     1013    | 2.40105E+01 
 31| 12800  |     1013    |     1150    | 1.12337E+03 |     1013    | 2.44477E+01 
 32| 13200  |     1008    |     1141    | 1.11208E+03 |     1008    | 2.47551E+01 
 33| 13600  |     1008    |     1130    | 1.10228E+03 |     1008    | 2.34839E+01 
 34| 14000  |     1003    |     1119    | 1.09156E+03 |     1003    | 2.32483E+01 
 35| 14400  |     1003    |     1110    | 1.08321E+03 |     1003    | 2.29343E+01 
 36| 14800  |     985     |     1101    | 1.07328E+03 |     985     | 2.22144E+01 
 37| 15200  |     983     |     1091    | 1.06647E+03 |     983     | 2.18599E+01 
 38| 15600  |     983     |     1084    | 1.05920E+03 |     983     | 2.10116E+01 
 39| 16000  |     983     |     1078    | 1.05356E+03 |     983     | 1.98470E+01 
 40| 16400  |     972     |     1070    | 1.04647E+03 |     972     | 1.93132E+01 
 41| 16800  |     972     |     1064    | 1.04154E+03 |     972     | 1.88362E+01 
 42| 17200  |     967     |     1059    | 1.03633E+03 |     967     | 1.82972E+01 
 43| 17600  |     949     |     1053    | 1.03055E+03 |     949     | 1.89512E+01 
 44| 18000  |     949     |     1048    | 1.02648E+03 |     949     | 1.84464E+01 
 45| 18400  |     943     |     1043    | 1.02173E+03 |     943     | 1.89203E+01 
 46| 18800  |     943     |     1037    | 1.01677E+03 |     943     | 1.83133E+01 
 47| 19200  |     943     |     1033    | 1.01153E+03 |     943     | 1.74272E+01 
 48| 19600  |     943     |     1028    | 1.00785E+03 |     943     | 1.70356E+01 
 49| 20000  |     943     |     1025    | 1.00406E+03 |     943     | 1.70357E+01 
 50| 20400  |     943     |     1020    | 9.99783E+02 |     943     | 1.63274E+01 
 51| 20800  |     943     |     1013    | 9.95690E+02 |     943     | 1.66243E+01 
 52| 21200  |     943     |     1012    | 9.91852E+02 |     943     | 1.63994E+01 
 53| 21600  |     941     |     1008    | 9.88125E+02 |     941     | 1.60989E+01 
 54| 22000  |     940     |     1003    | 9.83575E+02 |     940     | 1.53538E+01 
 55| 22400  |     932     |     999     | 9.79977E+02 |     932     | 1.48395E+01 
 56| 22800  |     932     |     994     | 9.76205E+02 |     932     | 1.45490E+01 
 57| 23200  |     932     |     990     | 9.72475E+02 |     932     | 1.42394E+01 
 58| 23600  |     932     |     985     | 9.69008E+02 |     932     | 1.40188E+01 
 59| 24000  |     932     |     983     | 9.65523E+02 |     932     | 1.34398E+01 
 60| 24400  |     932     |     980     | 9.61518E+02 |     932     | 1.24268E+01 
 61| 24800  |     932     |     975     | 9.58447E+02 |     932     | 1.09685E+01 
 62| 25200  |     932     |     971     | 9.55040E+02 |     932     | 9.58219E+00 
 63| 25600  |     932     |     967     | 9.52240E+02 |     932     | 8.37331E+00 
 64| 26000  |     932     |     963     | 9.49875E+02 |     932     | 7.15468E+00 
 65| 26400  |     932     |     958     | 9.47403E+02 |     932     | 6.02955E+00 
 66| 26800  |     932     |     955     | 9.45372E+02 |     932     | 4.91821E+00 
 67| 27200  |     932     |     950     | 9.43717E+02 |     932     | 3.82658E+00 
 68| 27600  |     932     |     949     | 9.42630E+02 |     932     | 3.51399E+00 
 69| 28000  |     929     |     946     | 9.41628E+02 |     929     | 3.10141E+00 
 70| 28400  |     929     |     943     | 9.40893E+02 |     929     | 3.00432E+00 
 71| 28800  |     929     |     943     | 9.40342E+02 |     929     | 3.18672E+00 
 72| 29200  |     929     |     943     | 9.39788E+02 |     929     | 3.17133E+00 
 73| 29600  |     911     |     943     | 9.38857E+02 |     911     | 3.54008E+00 
 74| 30000  |     911     |     942     | 9.38033E+02 |     911     | 3.54774E+00 
 75| 30400  |     904     |     941     | 9.37347E+02 |     904     | 3.91302E+00 
 76| 30800  |     904     |     940     | 9.36577E+02 |     904     | 4.21829E+00 
 77| 31200  |     904     |     940     | 9.35528E+02 |     904     | 4.48712E+00 
 78| 31600  |     904     |     940     | 9.34580E+02 |     904     | 4.80974E+00 
 79| 32000  |     904     |     939     | 9.33445E+02 |     904     | 4.67086E+00 
 80| 32400  |     896     |     937     | 9.32298E+02 |     896     | 4.84654E+00 
 81| 32800  |     896     |     937     | 9.31352E+02 |     896     | 4.92374E+00 
 82| 33200  |     872     |     934     | 9.30197E+02 |     872     | 6.01070E+00 
 83| 33600  |     872     |     933     | 9.29620E+02 |     872     | 6.30917E+00 
 84| 34000  |     872     |     933     | 9.28707E+02 |     872     | 6.92834E+00 
 85| 34400  |     872     |     933     | 9.27480E+02 |     872     | 7.57196E+00 
 86| 34800  |     864     |     933     | 9.25780E+02 |     864     | 9.22993E+00 
 87| 35200  |     864     |     932     | 9.24503E+02 |     864     | 9.83539E+00 
 88| 35600  |     864     |     929     | 9.22383E+02 |     864     | 1.07222E+01 
 89| 36000  |     864     |     929     | 9.20952E+02 |     864     | 1.11575E+01 
 90| 36400  |     864     |     929     | 9.19188E+02 |     864     | 1.20972E+01 
 91| 36800  |     864     |     929     | 9.16950E+02 |     864     | 1.21490E+01 
 92| 37200  |     864     |     928     | 9.13930E+02 |     864     | 1.21330E+01 
 93| 37600  |     864     |     927     | 9.11410E+02 |     864     | 1.15426E+01 
 94| 38000  |     864     |     923     | 9.08697E+02 |     864     | 1.12272E+01 
 95| 38400  |     864     |     918     | 9.06340E+02 |     864     | 1.07993E+01 
 96| 38800  |     857     |     916     | 9.03605E+02 |     857     | 1.08505E+01 
 97| 39200  |     857     |     912     | 9.00985E+02 |     857     | 1.08651E+01 
 98| 39600  |     857     |     911     | 8.99357E+02 |     857     | 1.08298E+01 
 99| 40000  |     857     |     911     | 8.97278E+02 |     857     | 1.05461E+01 
100| 40400  |     857     |     907     | 8.94957E+02 |     857     | 1.04101E+01 
101| 40800  |     857     |     905     | 8.92335E+02 |     857     | 1.00773E+01 
102| 41200  |     857     |     904     | 8.90082E+02 |     857     | 9.80131E+00 
103| 41600  |     845     |     899     | 8.87605E+02 |     845     | 9.91736E+00 
104| 42000  |     845     |     897     | 8.85383E+02 |     845     | 9.43934E+00 
105| 42400  |     845     |     896     | 8.82737E+02 |     845     | 9.11420E+00 
106| 42800  |     845     |     894     | 8.80235E+02 |     845     | 7.97463E+00 
107| 43200  |     845     |     887     | 8.78072E+02 |     845     | 7.19703E+00 
108| 43600  |     845     |     884     | 8.76250E+02 |     845     | 6.54465E+00 
109| 44000  |     845     |     883     | 8.74555E+02 |     845     | 6.28466E+00 
110| 44400  |     845     |     883     | 8.72957E+02 |     845     | 5.70839E+00 
111| 44800  |     845     |     878     | 8.71265E+02 |     845     | 5.21726E+00 
112| 45200  |     845     |     876     | 8.70082E+02 |     845     | 4.83174E+00 
113| 45600  |     845     |     873     | 8.69495E+02 |     845     | 4.62114E+00 
114| 46000  |     845     |     872     | 8.68585E+02 |     845     | 5.26667E+00 
115| 46400  |     845     |     872     | 8.67815E+02 |     845     | 5.60899E+00 
116| 46800  |     845     |     872     | 8.66898E+02 |     845     | 5.74387E+00 
117| 47200  |     829     |     871     | 8.65910E+02 |     829     | 6.24155E+00 
118| 47600  |     829     |     870     | 8.65065E+02 |     829     | 6.51466E+00 
119| 48000  |     829     |     870     | 8.63753E+02 |     829     | 6.97755E+00 
120| 48400  |     829     |     870     | 8.62570E+02 |     829     | 7.32292E+00 
121| 48800  |     829     |     870     | 8.61010E+02 |     829     | 7.50266E+00 
122| 49200  |     829     |     868     | 8.59582E+02 |     829     | 7.17692E+00 
123| 49600  |     829     |     866     | 8.58200E+02 |     829     | 7.40169E+00 
124| 50000  |     829     |     864     | 8.56820E+02 |     829     | 7.49551E+00 
125| 50400  |     829     |     864     | 8.55110E+02 |     829     | 7.70733E+00 
126| 50800  |     829     |     863     | 8.53538E+02 |     829     | 7.44705E+00 
127| 51200  |     829     |     859     | 8.51560E+02 |     829     | 7.38352E+00 
128| 51600  |     829     |     858     | 8.50403E+02 |     829     | 7.22084E+00 
129| 52000  |     823     |     858     | 8.49222E+02 |     823     | 7.19465E+00 
130| 52400  |     823     |     857     | 8.47750E+02 |     823     | 6.88930E+00 
131| 52800  |     823     |     857     | 8.45460E+02 |     823     | 5.89817E+00 
132| 53200  |     823     |     851     | 8.43638E+02 |     823     | 4.62937E+00 
133| 53600  |     823     |     845     | 8.42890E+02 |     823     | 4.53574E+00 
134| 54000  |     823     |     845     | 8.42435E+02 |     823     | 4.86526E+00 
135| 54400  |     823     |     845     | 8.41952E+02 |     823     | 5.07348E+00 
136| 54800  |     823     |     845     | 8.41383E+02 |     823     | 5.28831E+00 
137| 55200  |     823     |     845     | 8.40565E+02 |     823     | 5.72545E+00 
138| 55600  |     823     |     845     | 8.39638E+02 |     823     | 5.97922E+00 
139| 56000  |     822     |     845     | 8.38617E+02 |     822     | 6.13891E+00 
140| 56400  |     822     |     845     | 8.37217E+02 |     822     | 6.09263E+00 
141| 56800  |     822     |     843     | 8.35440E+02 |     822     | 5.79926E+00 
142| 57200  |     822     |     841     | 8.33553E+02 |     822     | 5.15483E+00 
143| 57600  |     822     |     839     | 8.30865E+02 |     822     | 3.30103E+00 
144| 58000  |     814     |     833     | 8.29195E+02 |     814     | 1.44982E+00 
145| 58400  |     814     |     829     | 8.28812E+02 |     814     | 1.11236E+00 
146| 58800  |     814     |     829     | 8.28720E+02 |     814     | 1.44969E+00 
147| 59200  |     814     |     829     | 8.28678E+02 |     814     | 1.62742E+00 
148| 59600  |     814     |     829     | 8.28602E+02 |     814     | 1.82195E+00 
149| 60000  |     814     |     829     | 8.28510E+02 |     814     | 2.02111E+00 
150| 60400  |     814     |     829     | 8.28370E+02 |     814     | 2.32983E+00 
151| 60800  |     814     |     829     | 8.28080E+02 |     814     | 2.85282E+00 
152| 61200  |     814     |     829     | 8.27742E+02 |     814     | 3.30018E+00 
153| 61600  |     814     |     829     | 8.27472E+02 |     814     | 3.64544E+00 
154| 62000  |     814     |     829     | 8.27197E+02 |     814     | 3.82734E+00 
155| 62400  |     814     |     829     | 8.26710E+02 |     814     | 4.28146E+00 
156| 62800  |     814     |     829     | 8.26205E+02 |     814     | 4.51309E+00 
157| 63200  |     814     |     829     | 8.25447E+02 |     814     | 4.86079E+00 
158| 63600  |     814     |     829     | 8.24585E+02 |     814     | 4.95810E+00 
159| 64000  |     800     |     829     | 8.23367E+02 |     800     | 5.18772E+00 
160| 64400  |     800     |     827     | 8.21970E+02 |     800     | 5.23489E+00 
161| 64800  |     800     |     827     | 8.20625E+02 |     800     | 5.12439E+00 
162| 65200  |     800     |     827     | 8.19138E+02 |     800     | 4.70942E+00 
163| 65600  |     800     |     822     | 8.17378E+02 |     800     | 4.00125E+00 
164| 66000  |     800     |     822     | 8.15820E+02 |     800     | 3.39450E+00 
165| 66400  |     800     |     820     | 8.14128E+02 |     800     | 1.67817E+00 
166| 66800  |     800     |     814     | 8.13845E+02 |     800     | 1.25935E+00 
167| 67200  |     800     |     814     | 8.13755E+02 |     800     | 1.60934E+00 
168| 67600  |     800     |     814     | 8.13640E+02 |     800     | 1.94689E+00 
169| 68000  |     800     |     814     | 8.13480E+02 |     800     | 2.35470E+00 
170| 68400  |     800     |     814     | 8.13247E+02 |     800     | 2.82245E+00 
171| 68800  |     800     |     814     | 8.12735E+02 |     800     | 3.67080E+00 
172| 69200  |     800     |     814     | 8.12240E+02 |     800     | 4.21158E+00 
173| 69600  |     800     |     814     | 8.11120E+02 |     800     | 5.16871E+00 
174| 70000  |     800     |     814     | 8.10092E+02 |     800     | 5.64836E+00 
175| 70400  |     800     |     814     | 8.08905E+02 |     800     | 6.01506E+00 
176| 70800  |     800     |     814     | 8.07033E+02 |     800     | 6.12752E+00 
177| 71200  |     798     |     814     | 8.04640E+02 |     798     | 5.41668E+00 
178| 71600  |     798     |     812     | 8.02190E+02 |     798     | 3.91330E+00 
179| 72000  |     798     |     804     | 8.00315E+02 |     798     | 9.87813E-01 
180| 72400  |     798     |     800     | 7.99967E+02 |     798     | 2.47878E-01 
181| 72800  |     798     |     800     | 7.99957E+02 |     798     | 2.84066E-01 
182| 73200  |     798     |     800     | 7.99947E+02 |     798     | 3.15822E-01 
183| 73600  |     798     |     800     | 7.99930E+02 |     798     | 3.60694E-01 
184| 74000  |     798     |     800     | 7.99908E+02 |     798     | 4.11028E-01 
185| 74400  |     798     |     800     | 7.99880E+02 |     798     | 4.64327E-01 
186| 74800  |     797     |     800     | 7.99812E+02 |     797     | 5.76493E-01 
187| 75200  |     797     |     800     | 7.99758E+02 |     797     | 6.47065E-01 
188| 75600  |     797     |     800     | 7.99660E+02 |     797     | 7.41215E-01 
189| 76000  |     788     |     800     | 7.99508E+02 |     788     | 1.00992E+00 
190| 76400  |     788     |     800     | 7.99347E+02 |     788     | 1.07319E+00 
191| 76800  |     788     |     800     | 7.99140E+02 |     788     | 1.11821E+00 
192| 77200  |     788     |     800     | 7.98878E+02 |     788     | 1.13247E+00 
193| 77600  |     788     |     800     | 7.98610E+02 |     788     | 1.06672E+00 
194| 78000  |     788     |     800     | 7.98275E+02 |     788     | 8.94078E-01 
195| 78400  |     788     |     799     | 7.97982E+02 |     788     | 5.76363E-01 
196| 78800  |     788     |     798     | 7.97938E+02 |     788     | 5.86169E-01 
197| 79200  |     788     |     798     | 7.97938E+02 |     788     | 5.86169E-01 
198| 79600  |     773     |     798     | 7.97810E+02 |     773     | 1.54237E+00 
199| 80000  |     773     |     798     | 7.97770E+02 |     773     | 1.62699E+00 
200| 80400  |     773     |     798     | 7.97742E+02 |     773     | 1.66319E+00 
201| 80800  |     773     |     798     | 7.97670E+02 |     773     | 1.78496E+00 
202| 81200  |     773     |     798     | 7.97545E+02 |     773     | 1.92171E+00 
203| 81600  |     773     |     798     | 7.97460E+02 |     773     | 2.00709E+00 
204| 82000  |     773     |     798     | 7.97260E+02 |     773     | 2.23437E+00 
205| 82400  |     773     |     798     | 7.97020E+02 |     773     | 2.46568E+00 
206| 82800  |     773     |     798     | 7.96587E+02 |     773     | 3.06388E+00 
207| 83200  |     773     |     798     | 7.96200E+02 |     773     | 3.25960E+00 
208| 83600  |     773     |     798     | 7.95592E+02 |     773     | 3.54915E+00 
209| 84000  |     773     |     798     | 7.94915E+02 |     773     | 3.82724E+00 
210| 84400  |     773     |     798     | 7.93880E+02 |     773     | 4.11590E+00 
211| 84800  |     773     |     797     | 7.92750E+02 |     773     | 3.92269E+00 
212| 85200  |     773     |     796     | 7.91670E+02 |     773     | 3.92952E+00 
213| 85600  |     773     |     795     | 7.90550E+02 |     773     | 3.91120E+00 
214| 86000  |     773     |     794     | 7.89735E+02 |     773     | 4.07858E+00 
215| 86400  |     773     |     792     | 7.89018E+02 |     773     | 4.48132E+00 
216| 86800  |     773     |     792     | 7.88325E+02 |     773     | 4.72063E+00 
217| 87200  |     773     |     790     | 7.87515E+02 |     773     | 5.11075E+00 
218| 87600  |     773     |     790     | 7.86855E+02 |     773     | 5.55823E+00 
219| 88000  |     773     |     790     | 7.86268E+02 |     773     | 5.82674E+00 
220| 88400  |     773     |     790     | 7.85160E+02 |     773     | 6.24615E+00 
221| 88800  |     773     |     790     | 7.84055E+02 |     773     | 6.44918E+00 
222| 89200  |     773     |     790     | 7.82852E+02 |     773     | 6.43318E+00 
223| 89600  |     773     |     790     | 7.80808E+02 |     773     | 6.21775E+00 
224| 90000  |     756     |     788     | 7.78700E+02 |     756     | 5.46855E+00 
225| 90400  |     756     |     786     | 7.76857E+02 |     756     | 4.05613E+00 
226| 90800  |     756     |     780     | 7.75355E+02 |     756     | 2.84850E+00 
227| 91200  |     756     |     779     | 7.74375E+02 |     756     | 2.34934E+00 
228| 91600  |     756     |     775     | 7.73237E+02 |     756     | 1.05408E+00 
229| 92000  |     756     |     774     | 7.73020E+02 |     756     | 9.48472E-01 
230| 92400  |     756     |     773     | 7.72928E+02 |     756     | 8.98467E-01 
231| 92800  |     756     |     773     | 7.72862E+02 |     756     | 1.26436E+00 
232| 93200  |     756     |     773     | 7.72840E+02 |     756     | 1.29399E+00 
233| 93600  |     756     |     773     | 7.72730E+02 |     756     | 1.77682E+00 
234| 94000  |     756     |     773     | 7.72658E+02 |     756     | 1.98877E+00 
235| 94400  |     756     |     773     | 7.72560E+02 |     756     | 2.19235E+00 
236| 94800  |     756     |     773     | 7.72477E+02 |     756     | 2.24711E+00 
237| 95200  |     756     |     773     | 7.72388E+02 |     756     | 2.30377E+00 
238| 95600  |     756     |     773     | 7.72185E+02 |     756     | 2.53294E+00 
239| 96000  |     756     |     773     | 7.71923E+02 |     756     | 2.84368E+00 
240| 96400  |     756     |     773     | 7.71655E+02 |     756     | 3.01927E+00 
241| 96800  |     756     |     773     | 7.71217E+02 |     756     | 3.41324E+00 
242| 97200  |     756     |     773     | 7.70812E+02 |     756     | 3.54646E+00 
243| 97600  |     756     |     773     | 7.70112E+02 |     756     | 3.82947E+00 
244| 98000  |     756     |     773     | 7.69375E+02 |     756     | 3.87548E+00 
245| 98400  |     756     |     773     | 7.68683E+02 |     756     | 3.76387E+00 
246| 98800  |     756     |     772     | 7.67735E+02 |     756     | 3.55314E+00 
247| 99200  |     750     |     769     | 7.67242E+02 |     750     | 3.80706E+00 
248| 99600  |     750     |     769     | 7.66747E+02 |     750     | 4.09741E+00 
249| 100000 |     750     |     769     | 7.66330E+02 |     750     | 4.26217E+00 
250| 100400 |     750     |     769     | 7.65685E+02 |     750     | 4.47837E+00 
251| 100800 |     750     |     769     | 7.64920E+02 |     750     | 4.70782E+00 
252| 101200 |     750     |     768     | 7.64163E+02 |     750     | 4.78028E+00 
253| 101600 |     750     |     768     | 7.62795E+02 |     750     | 5.00230E+00 
254| 102000 |     750     |     767     | 7.61408E+02 |     750     | 4.94484E+00 
255| 102400 |     750     |     767     | 7.59750E+02 |     750     | 4.44044E+00 
256| 102800 |     750     |     766     | 7.57805E+02 |     750     | 2.92609E+00 
257| 103200 |     750     |     759     | 7.56503E+02 |     750     | 1.15758E+00 
258| 103600 |     747     |     757     | 7.55962E+02 |     747     | 9.22547E-01 
259| 104000 |     747     |     756     | 7.55822E+02 |     747     | 1.02762E+00 
260| 104400 |     747     |     756     | 7.55730E+02 |     747     | 1.25980E+00 
261| 104800 |     747     |     756     | 7.55600E+02 |     747     | 1.51162E+00 
262| 105200 |     747     |     756     | 7.55480E+02 |     747     | 1.70429E+00 
263| 105600 |     747     |     756     | 7.55263E+02 |     747     | 1.94772E+00 
264| 106000 |     747     |     756     | 7.54832E+02 |     747     | 2.31072E+00 
265| 106400 |     747     |     756     | 7.54263E+02 |     747     | 2.63222E+00 
266| 106800 |     747     |     756     | 7.53607E+02 |     747     | 2.83257E+00 
267| 107200 |     747     |     756     | 7.52668E+02 |     747     | 2.85954E+00 
268| 107600 |     747     |     756     | 7.51812E+02 |     747     | 2.58696E+00 
269| 108000 |     747     |     755     | 7.50697E+02 |     747     | 1.84011E+00 
270| 108400 |     747     |     751     | 7.49900E+02 |     747     | 1.20830E+00 
271| 108800 |     747     |     751     | 7.49447E+02 |     747     | 1.29315E+00 
272| 109200 |     747     |     750     | 7.49040E+02 |     747     | 1.38867E+00 
273| 109600 |     747     |     750     | 7.48715E+02 |     747     | 1.46246E+00 
274| 110000 |     747     |     750     | 7.48200E+02 |     747     | 1.44395E+00 
275| 110400 |     747     |     750     | 7.47602E+02 |     747     | 1.15952E+00 
276| 110800 |     747     |     747     | 7.47000E+02 |     747     | 0.00000E+00 
277| 111200 |     747     |     747     | 7.47000E+02 |     747     | 0.00000E+00 
278| 111600 |     747     |     747     | 7.47000E+02 |     747     | 0.00000E+00 
279| 112000 |     747     |     747     | 7.47000E+02 |     747     | 0.00000E+00 
280| 112400 |     747     |     747     | 7.47000E+02 |     747     | 0.00000E+00 
281| 112800 |     747     |     747     | 7.47000E+02 |     747     | 0.00000E+00 
282| 113200 |     747     |     747     | 7.47000E+02 |     747     | 0.00000E+00 
283| 113600 |     747     |     747     | 7.47000E+02 |     747     | 0.00000E+00 
284| 114000 |     747     |     747     | 7.47000E+02 |     747     | 0.00000E+00 
285| 114400 |     746     |     747     | 7.46995E+02 |     746     | 7.05337E-02 
286| 114800 |     746     |     747     | 7.46995E+02 |     746     | 7.05337E-02 
287| 115200 |     746     |     747     | 7.46995E+02 |     746     | 7.05337E-02 
288| 115600 |     746     |     747     | 7.46995E+02 |     746     | 7.05337E-02 
289| 116000 |     746     |     747     | 7.46987E+02 |     746     | 1.11102E-01 
290| 116400 |     746     |     747     | 7.46975E+02 |     746     | 1.56125E-01 
291| 116800 |     746     |     747     | 7.46965E+02 |     746     | 1.83780E-01 
种群信息导出完毕。
评价次数：116800
时间已过 105.6424629688263 秒
最小的救援时间为：746
最优的救援方案为：
第1辆车的救援路线：车库→受灾点11→避难所34→受灾点10→避难所27→受灾点22→避难所35→救援结束
第2辆车的救援路线：车库→受灾点5→避难所35→救援结束
第3辆车的救援路线：车库→受灾点13→避难所34→受灾点11→避难所38→救援结束
第4辆车的救援路线：车库→受灾点13→避难所35→受灾点13→避难所35→救援结束
第5辆车的救援路线：车库→受灾点16→避难所35→受灾点7→避难所42→救援结束
第6辆车的救援路线：车库→受灾点13→避难所32→受灾点5→避难所31→受灾点11→避难所38→受灾点6→避难所34→救援结束
第7辆车的救援路线：车库→受灾点13→避难所34→救援结束
第8辆车的救援路线：车库→受灾点10→避难所38→受灾点10→避难所34→受灾点16→避难所34→受灾点6→避难所34→救援结束
第9辆车的救援路线：车库→受灾点19→避难所45→受灾点21→避难所34→受灾点7→避难所45→受灾点2→避难所26→救援结束
第10辆车的救援路线：车库→受灾点20→避难所24→救援结束
第11辆车的救援路线：车库→受灾点10→避难所45→受灾点21→避难所32→受灾点16→避难所45→受灾点16→避难所32→救援结束
第12辆车的救援路线：车库→受灾点12→避难所34→受灾点16→避难所34→受灾点14→避难所41→救援结束
第13辆车的救援路线：车库→受灾点11→避难所45→受灾点6→避难所27→受灾点18→避难所40→受灾点5→避难所37→受灾点13→避难所34→救援结束
第14辆车的救援路线：车库→受灾点18→避难所45→受灾点11→避难所37→受灾点16→避难所26→受灾点21→避难所40→救援结束
第15辆车的救援路线：车库→受灾点21→避难所34→受灾点17→避难所32→救援结束
第16辆车的救援路线：车库→受灾点16→避难所32→受灾点13→避难所41→受灾点3→避难所32→救援结束
第17辆车的救援路线：车库→受灾点13→避难所34→受灾点10→避难所26→受灾点18→避难所45→救援结束
第18辆车的救援路线：车库→受灾点13→避难所34→救援结束
第19辆车的救援路线：车库→受灾点2→避难所34→受灾点13→避难所35→救援结束
第20辆车的救援路线：车库→受灾点10→避难所45→受灾点16→避难所29→受灾点1→避难所43→救援结束
第21辆车的救援路线：车库→受灾点19→避难所34→受灾点13→避难所42→受灾点15→避难所34→救援结束
第22辆车的救援路线：车库→受灾点16→避难所35→救援结束
第23辆车的救援路线：车库→受灾点16→避难所34→救援结束
第24辆车的救援路线：车库→受灾点5→避难所27→受灾点16→避难所34→受灾点2→避难所23→受灾点18→避难所47→救援结束
第25辆车的救援路线：车库→受灾点18→避难所24→受灾点18→避难所38→受灾点11→避难所33→救援结束
第26辆车的救援路线：车库→受灾点16→避难所35→救援结束
第27辆车的救援路线：车库→受灾点14→避难所31→受灾点13→避难所32→受灾点10→避难所26→救援结束
第28辆车的救援路线：车库→受灾点4→避难所45→受灾点11→避难所32→受灾点18→避难所37→受灾点11→避难所38→受灾点10→避难所26→救援结束
第29辆车的救援路线：车库→受灾点16→避难所41→受灾点16→避难所35→救援结束
第30辆车的救援路线：车库→受灾点6→避难所32→受灾点14→避难所38→受灾点15→避难所34→受灾点7→避难所34→救援结束
第31辆车的救援路线：车库→受灾点16→避难所40→受灾点20→避难所34→救援结束
第32辆车的救援路线：车库→受灾点16→避难所45→受灾点16→避难所34→受灾点16→避难所38→受灾点9→避难所34→救援结束
第33辆车的救援路线：车库→受灾点16→避难所34→受灾点11→避难所34→救援结束
第34辆车的救援路线：车库→受灾点3→避难所34→受灾点18→避难所30→受灾点5→避难所34→受灾点5→避难所45→受灾点20→避难所45→救援结束
第35辆车的救援路线：车库→受灾点7→避难所42→受灾点13→避难所37→受灾点13→避难所35→救援结束
第36辆车的救援路线：车库→受灾点13→避难所41→受灾点2→避难所33→救援结束
第37辆车的救援路线：车库→受灾点7→避难所34→受灾点16→避难所34→受灾点11→避难所34→受灾点2→避难所34→救援结束
第38辆车的救援路线：车库→受灾点16→避难所34→受灾点21→避难所34→救援结束
第39辆车的救援路线：车库→受灾点16→避难所45→受灾点20→避难所34→救援结束
第40辆车的救援路线：车库→受灾点8→避难所34→救援结束
第41辆车的救援路线：车库→受灾点5→避难所26→受灾点6→避难所34→受灾点5→避难所32→受灾点5→避难所34→受灾点16→避难所45→救援结束
第42辆车的救援路线：车库→受灾点18→避难所40→受灾点1→避难所34→受灾点5→避难所42→受灾点11→避难所45→救援结束
第43辆车的救援路线：车库→受灾点16→避难所34→受灾点11→避难所45→受灾点13→避难所34→救援结束
第44辆车的救援路线：车库→受灾点15→避难所42→受灾点5→避难所34→受灾点16→避难所45→救援结束
第45辆车的救援路线：车库→受灾点14→避难所32→受灾点16→避难所34→受灾点11→避难所32→救援结束
第46辆车的救援路线：车库→受灾点22→避难所41→受灾点7→避难所34→救援结束
第47辆车的救援路线：车库→受灾点8→避难所32→受灾点18→避难所42→受灾点7→避难所34→救援结束
第48辆车的救援路线：车库→受灾点6→避难所34→受灾点18→避难所30→受灾点5→避难所34→受灾点5→避难所32→受灾点2→避难所26→救援结束
第49辆车的救援路线：车库→受灾点11→避难所34→受灾点10→避难所40→受灾点1→避难所34→受灾点13→避难所42→救援结束
第50辆车的救援路线：车库→受灾点16→避难所32→受灾点7→避难所42→救援结束
