==================================================================================
gen|  eval  |    f_opt    |    f_max    |    f_avg    |    f_min    |    f_std    
----------------------------------------------------------------------------------
 0 |  400   |     1566    |     5526    | 2.63606E+03 |     1566    | 6.38062E+02 
 1 |  800   |     1425    |     2420    | 2.06805E+03 |     1425    | 2.12223E+02 
 2 |  1200  |     1421    |     2102    | 1.88171E+03 |     1421    | 1.45576E+02 
 3 |  1600  |     1421    |     1939    | 1.77353E+03 |     1421    | 1.14167E+02 
 4 |  2000  |     1389    |     1827    | 1.69756E+03 |     1389    | 9.38001E+01 
 5 |  2400  |     1388    |     1746    | 1.63641E+03 |     1388    | 8.16126E+01 
 6 |  2800  |     1320    |     1688    | 1.58796E+03 |     1320    | 7.82400E+01 
 7 |  3200  |     1292    |     1646    | 1.54508E+03 |     1292    | 7.70206E+01 
 8 |  3600  |     1291    |     1601    | 1.50775E+03 |     1291    | 6.75349E+01 
 9 |  4000  |     1291    |     1558    | 1.47711E+03 |     1291    | 5.98793E+01 
 10|  4400  |     1221    |     1526    | 1.44992E+03 |     1221    | 5.46829E+01 
 11|  4800  |     1194    |     1492    | 1.42235E+03 |     1194    | 5.41942E+01 
 12|  5200  |     1194    |     1467    | 1.40124E+03 |     1194    | 5.06088E+01 
 13|  5600  |     1176    |     1438    | 1.37981E+03 |     1176    | 4.88521E+01 
 14|  6000  |     1159    |     1416    | 1.36221E+03 |     1159    | 4.91245E+01 
 15|  6400  |     1121    |     1398    | 1.34120E+03 |     1121    | 5.02299E+01 
 16|  6800  |     1121    |     1378    | 1.31729E+03 |     1121    | 4.86617E+01 
 17|  7200  |     1089    |     1350    | 1.29367E+03 |     1089    | 4.83716E+01 
 18|  7600  |     1089    |     1330    | 1.27151E+03 |     1089    | 4.94161E+01 
 19|  8000  |     1089    |     1308    | 1.24969E+03 |     1089    | 4.57578E+01 
 20|  8400  |     1089    |     1281    | 1.22763E+03 |     1089    | 4.05805E+01 
 21|  8800  |     1082    |     1257    | 1.20795E+03 |     1082    | 3.80044E+01 
 22|  9200  |     1082    |     1236    | 1.18883E+03 |     1082    | 3.42306E+01 
 23|  9600  |     1067    |     1217    | 1.17458E+03 |     1067    | 2.97925E+01 
 24| 10000  |     1067    |     1201    | 1.16428E+03 |     1067    | 2.57653E+01 
 25| 10400  |     1067    |     1188    | 1.15536E+03 |     1067    | 2.47161E+01 
 26| 10800  |     1067    |     1176    | 1.14687E+03 |     1067    | 2.27228E+01 
 27| 11200  |     1067    |     1168    | 1.14131E+03 |     1067    | 2.19901E+01 
 28| 11600  |     1035    |     1160    | 1.13410E+03 |     1035    | 2.27149E+01 
 29| 12000  |     1035    |     1155    | 1.12882E+03 |     1035    | 2.19409E+01 
 30| 12400  |     1035    |     1151    | 1.12215E+03 |     1035    | 2.13655E+01 
 31| 12800  |     1035    |     1144    | 1.11715E+03 |     1035    | 2.02949E+01 
 32| 13200  |     1002    |     1137    | 1.11155E+03 |     1002    | 1.98208E+01 
 33| 13600  |     1002    |     1130    | 1.10472E+03 |     1002    | 1.89307E+01 
 34| 14000  |     1002    |     1122    | 1.09874E+03 |     1002    | 1.84765E+01 
 35| 14400  |     1001    |     1117    | 1.09389E+03 |     1001    | 1.89323E+01 
 36| 14800  |     1001    |     1112    | 1.08932E+03 |     1001    | 1.84441E+01 
 37| 15200  |     1001    |     1109    | 1.08619E+03 |     1001    | 1.76210E+01 
 38| 15600  |     1001    |     1105    | 1.08311E+03 |     1001    | 1.69091E+01 
 39| 16000  |     1001    |     1101    | 1.07926E+03 |     1001    | 1.68293E+01 
 40| 16400  |     994     |     1096    | 1.07499E+03 |     994     | 1.69257E+01 
 41| 16800  |     994     |     1092    | 1.07238E+03 |     994     | 1.64418E+01 
 42| 17200  |     994     |     1088    | 1.06819E+03 |     994     | 1.63335E+01 
 43| 17600  |     994     |     1084    | 1.06496E+03 |     994     | 1.63972E+01 
 44| 18000  |     994     |     1080    | 1.06250E+03 |     994     | 1.57021E+01 
 45| 18400  |     994     |     1078    | 1.06051E+03 |     994     | 1.52944E+01 
 46| 18800  |     994     |     1075    | 1.05793E+03 |     994     | 1.51972E+01 
 47| 19200  |     994     |     1071    | 1.05525E+03 |     994     | 1.52648E+01 
 48| 19600  |     994     |     1067    | 1.05196E+03 |     994     | 1.59180E+01 
 49| 20000  |     994     |     1065    | 1.04865E+03 |     994     | 1.60852E+01 
 50| 20400  |     994     |     1063    | 1.04495E+03 |     994     | 1.63963E+01 
 51| 20800  |     988     |     1062    | 1.04282E+03 |     988     | 1.62453E+01 
 52| 21200  |     980     |     1060    | 1.04012E+03 |     980     | 1.62623E+01 
 53| 21600  |     980     |     1057    | 1.03728E+03 |     980     | 1.56484E+01 
 54| 22000  |     980     |     1053    | 1.03469E+03 |     980     | 1.50530E+01 
 55| 22400  |     980     |     1051    | 1.03244E+03 |     980     | 1.47916E+01 
 56| 22800  |     980     |     1049    | 1.03039E+03 |     980     | 1.46549E+01 
 57| 23200  |     980     |     1047    | 1.02837E+03 |     980     | 1.43832E+01 
 58| 23600  |     980     |     1043    | 1.02537E+03 |     980     | 1.43631E+01 
 59| 24000  |     980     |     1041    | 1.02268E+03 |     980     | 1.40178E+01 
 60| 24400  |     980     |     1039    | 1.02012E+03 |     980     | 1.32942E+01 
 61| 24800  |     964     |     1034    | 1.01696E+03 |     964     | 1.27910E+01 
 62| 25200  |     964     |     1031    | 1.01416E+03 |     964     | 1.26080E+01 
 63| 25600  |     964     |     1029    | 1.01202E+03 |     964     | 1.21722E+01 
 64| 26000  |     957     |     1027    | 1.00966E+03 |     957     | 1.19138E+01 
 65| 26400  |     957     |     1023    | 1.00690E+03 |     957     | 1.14309E+01 
 66| 26800  |     957     |     1020    | 1.00465E+03 |     957     | 1.15493E+01 
 67| 27200  |     931     |     1018    | 1.00245E+03 |     931     | 1.15366E+01 
 68| 27600  |     931     |     1016    | 1.00014E+03 |     931     | 1.14551E+01 
 69| 28000  |     931     |     1012    | 9.97678E+02 |     931     | 1.09443E+01 
 70| 28400  |     931     |     1009    | 9.96163E+02 |     931     | 1.04041E+01 
 71| 28800  |     931     |     1005    | 9.94513E+02 |     931     | 1.06445E+01 
 72| 29200  |     931     |     1003    | 9.93400E+02 |     931     | 1.06843E+01 
 73| 29600  |     931     |     1001    | 9.91372E+02 |     931     | 1.16878E+01 
 74| 30000  |     927     |     1001    | 9.89890E+02 |     927     | 1.25035E+01 
 75| 30400  |     927     |     1001    | 9.88232E+02 |     927     | 1.27827E+01 
 76| 30800  |     899     |     998     | 9.86572E+02 |     899     | 1.36472E+01 
 77| 31200  |     899     |     995     | 9.84810E+02 |     899     | 1.40927E+01 
 78| 31600  |     899     |     994     | 9.83577E+02 |     899     | 1.46579E+01 
 79| 32000  |     899     |     994     | 9.81205E+02 |     899     | 1.52716E+01 
 80| 32400  |     899     |     994     | 9.79378E+02 |     899     | 1.56951E+01 
 81| 32800  |     899     |     994     | 9.76885E+02 |     899     | 1.58618E+01 
 82| 33200  |     899     |     993     | 9.74875E+02 |     899     | 1.55520E+01 
 83| 33600  |     899     |     991     | 9.72773E+02 |     899     | 1.52424E+01 
 84| 34000  |     899     |     988     | 9.69715E+02 |     899     | 1.54892E+01 
 85| 34400  |     897     |     986     | 9.65525E+02 |     897     | 1.56041E+01 
 86| 34800  |     897     |     982     | 9.61668E+02 |     897     | 1.57536E+01 
 87| 35200  |     888     |     978     | 9.57655E+02 |     888     | 1.63478E+01 
 88| 35600  |     888     |     974     | 9.54530E+02 |     888     | 1.66197E+01 
 89| 36000  |     888     |     969     | 9.51050E+02 |     888     | 1.60965E+01 
 90| 36400  |     888     |     966     | 9.47942E+02 |     888     | 1.54105E+01 
 91| 36800  |     882     |     964     | 9.43570E+02 |     882     | 1.59405E+01 
 92| 37200  |     882     |     958     | 9.39408E+02 |     882     | 1.46868E+01 
 93| 37600  |     882     |     952     | 9.34600E+02 |     882     | 1.45356E+01 
 94| 38000  |     872     |     947     | 9.30110E+02 |     872     | 1.37305E+01 
 95| 38400  |     872     |     942     | 9.25885E+02 |     872     | 1.34505E+01 
 96| 38800  |     872     |     936     | 9.21298E+02 |     872     | 1.28798E+01 
 97| 39200  |     872     |     932     | 9.17360E+02 |     872     | 1.23911E+01 
 98| 39600  |     867     |     927     | 9.12602E+02 |     867     | 1.21225E+01 
 99| 40000  |     866     |     923     | 9.07850E+02 |     866     | 1.10947E+01 
100| 40400  |     866     |     919     | 9.03500E+02 |     866     | 9.86585E+00 
101| 40800  |     866     |     910     | 8.99683E+02 |     866     | 9.04111E+00 
102| 41200  |     866     |     908     | 8.97535E+02 |     866     | 8.96263E+00 
103| 41600  |     866     |     907     | 8.94880E+02 |     866     | 8.96664E+00 
104| 42000  |     866     |     901     | 8.92753E+02 |     866     | 8.68656E+00 
105| 42400  |     866     |     899     | 8.91400E+02 |     866     | 8.87609E+00 
106| 42800  |     864     |     897     | 8.89702E+02 |     864     | 9.42942E+00 
107| 43200  |     864     |     897     | 8.87585E+02 |     864     | 9.86751E+00 
108| 43600  |     864     |     897     | 8.85680E+02 |     864     | 9.95679E+00 
109| 44000  |     864     |     897     | 8.83138E+02 |     864     | 9.52148E+00 
110| 44400  |     859     |     893     | 8.79980E+02 |     859     | 8.33634E+00 
111| 44800  |     859     |     889     | 8.77740E+02 |     859     | 7.36630E+00 
112| 45200  |     858     |     886     | 8.75720E+02 |     858     | 6.82177E+00 
113| 45600  |     858     |     883     | 8.73340E+02 |     858     | 5.88043E+00 
114| 46000  |     853     |     881     | 8.71317E+02 |     853     | 5.08839E+00 
115| 46400  |     853     |     878     | 8.69817E+02 |     853     | 4.29874E+00 
116| 46800  |     853     |     875     | 8.68582E+02 |     853     | 3.54305E+00 
117| 47200  |     853     |     873     | 8.67490E+02 |     853     | 2.94022E+00 
118| 47600  |     853     |     871     | 8.66665E+02 |     853     | 2.57736E+00 
119| 48000  |     853     |     870     | 8.66065E+02 |     853     | 2.18192E+00 
120| 48400  |     853     |     868     | 8.65503E+02 |     853     | 1.88812E+00 
121| 48800  |     853     |     867     | 8.65090E+02 |     853     | 2.01542E+00 
122| 49200  |     853     |     866     | 8.64840E+02 |     853     | 2.06019E+00 
123| 49600  |     853     |     866     | 8.64625E+02 |     853     | 2.20893E+00 
124| 50000  |     853     |     866     | 8.64375E+02 |     853     | 2.21909E+00 
125| 50400  |     853     |     865     | 8.64072E+02 |     853     | 2.29396E+00 
126| 50800  |     853     |     865     | 8.63865E+02 |     853     | 2.47927E+00 
127| 51200  |     853     |     865     | 8.63650E+02 |     853     | 2.60720E+00 
128| 51600  |     845     |     865     | 8.63245E+02 |     845     | 2.95719E+00 
129| 52000  |     845     |     865     | 8.62900E+02 |     845     | 3.07083E+00 
130| 52400  |     845     |     865     | 8.62460E+02 |     845     | 3.16913E+00 
131| 52800  |     845     |     865     | 8.61867E+02 |     845     | 3.23727E+00 
132| 53200  |     845     |     865     | 8.61028E+02 |     845     | 3.12998E+00 
133| 53600  |     845     |     865     | 8.60197E+02 |     845     | 2.78092E+00 
134| 54000  |     845     |     864     | 8.58950E+02 |     845     | 1.99937E+00 
135| 54400  |     845     |     859     | 8.58360E+02 |     845     | 1.46472E+00 
136| 54800  |     845     |     859     | 8.58160E+02 |     845     | 1.55865E+00 
137| 55200  |     845     |     859     | 8.57930E+02 |     845     | 1.54276E+00 
138| 55600  |     845     |     859     | 8.57668E+02 |     845     | 1.54659E+00 
139| 56000  |     845     |     858     | 8.57580E+02 |     845     | 1.64122E+00 
140| 56400  |     845     |     858     | 8.57487E+02 |     845     | 1.81379E+00 
141| 56800  |     845     |     858     | 8.57447E+02 |     845     | 1.85398E+00 
142| 57200  |     845     |     858     | 8.57372E+02 |     845     | 1.94518E+00 
143| 57600  |     845     |     858     | 8.57247E+02 |     845     | 2.09672E+00 
144| 58000  |     845     |     858     | 8.57138E+02 |     845     | 2.20309E+00 
145| 58400  |     845     |     858     | 8.56945E+02 |     845     | 2.44683E+00 
146| 58800  |     845     |     858     | 8.56867E+02 |     845     | 2.49498E+00 
147| 59200  |     842     |     858     | 8.56717E+02 |     842     | 2.67725E+00 
148| 59600  |     842     |     858     | 8.56518E+02 |     842     | 2.83102E+00 
149| 60000  |     842     |     858     | 8.56170E+02 |     842     | 3.04813E+00 
150| 60400  |     842     |     858     | 8.55952E+02 |     842     | 3.19222E+00 
151| 60800  |     842     |     858     | 8.55462E+02 |     842     | 3.38136E+00 
152| 61200  |     842     |     858     | 8.55058E+02 |     842     | 3.61237E+00 
153| 61600  |     842     |     858     | 8.54487E+02 |     842     | 3.64895E+00 
154| 62000  |     842     |     858     | 8.53653E+02 |     842     | 3.59399E+00 
155| 62400  |     842     |     857     | 8.52867E+02 |     842     | 3.49642E+00 
156| 62800  |     842     |     857     | 8.51977E+02 |     842     | 3.13720E+00 
157| 63200  |     842     |     853     | 8.51045E+02 |     842     | 2.65857E+00 
158| 63600  |     842     |     853     | 8.50503E+02 |     842     | 2.69907E+00 
159| 64000  |     842     |     853     | 8.49898E+02 |     842     | 2.68086E+00 
160| 64400  |     842     |     853     | 8.49153E+02 |     842     | 2.46054E+00 
161| 64800  |     842     |     853     | 8.48370E+02 |     842     | 1.93212E+00 
162| 65200  |     842     |     849     | 8.47870E+02 |     842     | 1.72717E+00 
163| 65600  |     842     |     849     | 8.47653E+02 |     842     | 1.79492E+00 
164| 66000  |     842     |     849     | 8.47400E+02 |     842     | 1.83848E+00 
165| 66400  |     842     |     849     | 8.47125E+02 |     842     | 1.85186E+00 
166| 66800  |     842     |     849     | 8.46768E+02 |     842     | 1.79540E+00 
167| 67200  |     842     |     849     | 8.46340E+02 |     842     | 1.65360E+00 
168| 67600  |     842     |     848     | 8.45870E+02 |     842     | 1.46734E+00 
169| 68000  |     841     |     848     | 8.45425E+02 |     841     | 1.26269E+00 
170| 68400  |     841     |     847     | 8.45025E+02 |     841     | 8.71421E-01 
171| 68800  |     841     |     845     | 8.44830E+02 |     841     | 6.93614E-01 
172| 69200  |     841     |     845     | 8.44830E+02 |     841     | 6.93614E-01 
173| 69600  |     841     |     845     | 8.44780E+02 |     841     | 7.78845E-01 
174| 70000  |     839     |     845     | 8.44705E+02 |     839     | 9.15410E-01 
175| 70400  |     839     |     845     | 8.44653E+02 |     839     | 9.95863E-01 
176| 70800  |     837     |     845     | 8.44570E+02 |     837     | 1.14460E+00 
177| 71200  |     829     |     845     | 8.44425E+02 |     829     | 1.45065E+00 
178| 71600  |     829     |     845     | 8.44367E+02 |     829     | 1.48406E+00 
179| 72000  |     829     |     845     | 8.44270E+02 |     829     | 1.54826E+00 
180| 72400  |     829     |     845     | 8.44133E+02 |     829     | 1.69998E+00 
181| 72800  |     829     |     845     | 8.43885E+02 |     829     | 2.08489E+00 
182| 73200  |     829     |     845     | 8.43663E+02 |     829     | 2.20422E+00 
183| 73600  |     826     |     845     | 8.43312E+02 |     826     | 2.53177E+00 
184| 74000  |     826     |     845     | 8.43033E+02 |     826     | 2.54489E+00 
185| 74400  |     814     |     845     | 8.42523E+02 |     814     | 2.93505E+00 
186| 74800  |     814     |     845     | 8.41793E+02 |     814     | 3.04540E+00 
187| 75200  |     814     |     845     | 8.41105E+02 |     814     | 3.18575E+00 
188| 75600  |     814     |     842     | 8.40472E+02 |     814     | 3.27784E+00 
189| 76000  |     814     |     842     | 8.40062E+02 |     814     | 3.55719E+00 
190| 76400  |     814     |     842     | 8.39612E+02 |     814     | 3.73595E+00 
191| 76800  |     814     |     842     | 8.38878E+02 |     814     | 4.11673E+00 
192| 77200  |     814     |     842     | 8.38210E+02 |     814     | 4.19713E+00 
193| 77600  |     814     |     842     | 8.37288E+02 |     814     | 4.18388E+00 
194| 78000  |     814     |     842     | 8.36075E+02 |     814     | 3.78938E+00 
195| 78400  |     814     |     839     | 8.34925E+02 |     814     | 3.75358E+00 
196| 78800  |     814     |     837     | 8.34183E+02 |     814     | 4.06684E+00 
197| 79200  |     814     |     836     | 8.33520E+02 |     814     | 4.47879E+00 
198| 79600  |     814     |     836     | 8.33005E+02 |     814     | 4.72810E+00 
199| 80000  |     814     |     836     | 8.32018E+02 |     814     | 5.06973E+00 
200| 80400  |     807     |     836     | 8.30325E+02 |     807     | 5.43777E+00 
201| 80800  |     807     |     836     | 8.28362E+02 |     807     | 5.12505E+00 
202| 81200  |     807     |     834     | 8.26327E+02 |     807     | 4.14068E+00 
203| 81600  |     807     |     830     | 8.24890E+02 |     807     | 3.57951E+00 
204| 82000  |     807     |     826     | 8.24072E+02 |     807     | 4.01151E+00 
205| 82400  |     807     |     826     | 8.23628E+02 |     807     | 4.28354E+00 
206| 82800  |     807     |     826     | 8.22890E+02 |     807     | 4.71253E+00 
207| 83200  |     807     |     826     | 8.22105E+02 |     807     | 4.98889E+00 
208| 83600  |     807     |     826     | 8.21133E+02 |     807     | 5.21967E+00 
209| 84000  |     807     |     826     | 8.19945E+02 |     807     | 5.36022E+00 
210| 84400  |     807     |     824     | 8.18765E+02 |     807     | 5.57358E+00 
211| 84800  |     807     |     822     | 8.17560E+02 |     807     | 5.78977E+00 
212| 85200  |     807     |     822     | 8.16023E+02 |     807     | 6.20016E+00 
213| 85600  |     807     |     822     | 8.14405E+02 |     807     | 6.17624E+00 
214| 86000  |     807     |     821     | 8.11893E+02 |     807     | 5.31704E+00 
215| 86400  |     807     |     818     | 8.10013E+02 |     807     | 4.52132E+00 
216| 86800  |     807     |     816     | 8.07903E+02 |     807     | 2.36601E+00 
217| 87200  |     807     |     807     | 8.07000E+02 |     807     | 0.00000E+00 
218| 87600  |     807     |     807     | 8.07000E+02 |     807     | 0.00000E+00 
219| 88000  |     806     |     807     | 8.06995E+02 |     806     | 7.05337E-02 
220| 88400  |     806     |     807     | 8.06992E+02 |     806     | 8.62772E-02 
221| 88800  |     806     |     807     | 8.06992E+02 |     806     | 8.62772E-02 
222| 89200  |     806     |     807     | 8.06985E+02 |     806     | 1.21552E-01 
223| 89600  |     806     |     807     | 8.06982E+02 |     806     | 1.31125E-01 
224| 90000  |     806     |     807     | 8.06975E+02 |     806     | 1.56125E-01 
225| 90400  |     806     |     807     | 8.06967E+02 |     806     | 1.77324E-01 
226| 90800  |     806     |     807     | 8.06955E+02 |     806     | 2.07304E-01 
227| 91200  |     806     |     807     | 8.06945E+02 |     806     | 2.27980E-01 
228| 91600  |     806     |     807     | 8.06928E+02 |     806     | 2.59314E-01 
229| 92000  |     806     |     807     | 8.06895E+02 |     806     | 3.06553E-01 
230| 92400  |     805     |     807     | 8.06857E+02 |     805     | 3.56642E-01 
231| 92800  |     805     |     807     | 8.06805E+02 |     805     | 4.02461E-01 
232| 93200  |     805     |     807     | 8.06747E+02 |     805     | 4.40163E-01 
233| 93600  |     805     |     807     | 8.06640E+02 |     805     | 4.95379E-01 
234| 94000  |     805     |     807     | 8.06470E+02 |     805     | 5.23546E-01 
235| 94400  |     805     |     807     | 8.06325E+02 |     805     | 5.04356E-01 
236| 94800  |     805     |     807     | 8.06102E+02 |     805     | 3.89864E-01 
237| 95200  |     805     |     806     | 8.05962E+02 |     805     | 1.89984E-01 
238| 95600  |     805     |     806     | 8.05950E+02 |     805     | 2.17945E-01 
239| 96000  |     799     |     806     | 8.05913E+02 |     799     | 4.29935E-01 
240| 96400  |     799     |     806     | 8.05888E+02 |     799     | 4.52597E-01 
241| 96800  |     799     |     806     | 8.05837E+02 |     799     | 5.88297E-01 
242| 97200  |     799     |     806     | 8.05765E+02 |     799     | 7.03402E-01 
243| 97600  |     799     |     806     | 8.05673E+02 |     799     | 8.00152E-01 
244| 98000  |     799     |     806     | 8.05540E+02 |     799     | 9.99200E-01 
245| 98400  |     799     |     806     | 8.05410E+02 |     799     | 1.06156E+00 
246| 98800  |     799     |     806     | 8.05150E+02 |     799     | 1.28160E+00 
247| 99200  |     799     |     806     | 8.04800E+02 |     799     | 1.46458E+00 
248| 99600  |     799     |     805     | 8.04515E+02 |     799     | 1.60149E+00 
249| 100000 |     798     |     805     | 8.04298E+02 |     798     | 1.89446E+00 
250| 100400 |     798     |     805     | 8.03933E+02 |     798     | 2.25676E+00 
251| 100800 |     798     |     805     | 8.03378E+02 |     798     | 2.60192E+00 
252| 101200 |     798     |     805     | 8.02515E+02 |     798     | 2.87746E+00 
253| 101600 |     798     |     805     | 8.01290E+02 |     798     | 2.80105E+00 
254| 102000 |     798     |     805     | 7.99960E+02 |     798     | 2.01827E+00 
255| 102400 |     798     |     799     | 7.98965E+02 |     798     | 1.83780E-01 
256| 102800 |     798     |     799     | 7.98940E+02 |     798     | 2.37487E-01 
257| 103200 |     798     |     799     | 7.98908E+02 |     798     | 2.89730E-01 
258| 103600 |     798     |     799     | 7.98860E+02 |     798     | 3.46987E-01 
259| 104000 |     798     |     799     | 7.98765E+02 |     798     | 4.23999E-01 
260| 104400 |     798     |     799     | 7.98640E+02 |     798     | 4.80000E-01 
261| 104800 |     795     |     799     | 7.98445E+02 |     795     | 5.26284E-01 
262| 105200 |     795     |     799     | 7.98210E+02 |     795     | 4.75289E-01 
263| 105600 |     795     |     798     | 7.97962E+02 |     795     | 3.33307E-01 
264| 106000 |     795     |     798     | 7.97942E+02 |     795     | 4.05208E-01 
265| 106400 |     795     |     798     | 7.97918E+02 |     795     | 4.80306E-01 
266| 106800 |     794     |     798     | 7.97878E+02 |     794     | 5.93712E-01 
267| 107200 |     794     |     798     | 7.97775E+02 |     794     | 7.77416E-01 
268| 107600 |     794     |     798     | 7.97675E+02 |     794     | 8.99653E-01 
269| 108000 |     794     |     798     | 7.97505E+02 |     794     | 1.06770E+00 
270| 108400 |     794     |     798     | 7.97200E+02 |     794     | 1.26095E+00 
271| 108800 |     794     |     798     | 7.96722E+02 |     794     | 1.41085E+00 
272| 109200 |     794     |     798     | 7.96120E+02 |     794     | 1.34744E+00 
273| 109600 |     794     |     798     | 7.95420E+02 |     794     | 8.99222E-01 
274| 110000 |     794     |     796     | 7.94938E+02 |     794     | 3.91910E-01 
275| 110400 |     794     |     795     | 7.94812E+02 |     794     | 3.90312E-01 
276| 110800 |     794     |     795     | 7.94715E+02 |     794     | 4.51414E-01 
277| 111200 |     794     |     795     | 7.94620E+02 |     794     | 4.85386E-01 
278| 111600 |     793     |     795     | 7.94462E+02 |     793     | 5.13414E-01 
279| 112000 |     793     |     795     | 7.94273E+02 |     793     | 4.77749E-01 
280| 112400 |     793     |     795     | 7.94038E+02 |     793     | 2.75851E-01 
281| 112800 |     793     |     794     | 7.93967E+02 |     793     | 1.77324E-01 
282| 113200 |     793     |     794     | 7.93945E+02 |     793     | 2.27980E-01 
283| 113600 |     793     |     794     | 7.93918E+02 |     793     | 2.75125E-01 
284| 114000 |     793     |     794     | 7.93872E+02 |     793     | 3.33532E-01 
285| 114400 |     793     |     794     | 7.93822E+02 |     793     | 3.82091E-01 
286| 114800 |     793     |     794     | 7.93763E+02 |     793     | 4.25551E-01 
287| 115200 |     793     |     794     | 7.93660E+02 |     793     | 4.73709E-01 
288| 115600 |     793     |     794     | 7.93538E+02 |     793     | 4.98592E-01 
289| 116000 |     793     |     794     | 7.93420E+02 |     793     | 4.93559E-01 
290| 116400 |     793     |     794     | 7.93258E+02 |     793     | 4.37257E-01 
291| 116800 |     793     |     794     | 7.93048E+02 |     793     | 2.12706E-01 
292| 117200 |     793     |     793     | 7.93000E+02 |     793     | 0.00000E+00 
293| 117600 |     793     |     793     | 7.93000E+02 |     793     | 0.00000E+00 
294| 118000 |     793     |     793     | 7.93000E+02 |     793     | 0.00000E+00 
295| 118400 |     793     |     793     | 7.93000E+02 |     793     | 0.00000E+00 
296| 118800 |     793     |     793     | 7.93000E+02 |     793     | 0.00000E+00 
297| 119200 |     793     |     793     | 7.93000E+02 |     793     | 0.00000E+00 
298| 119600 |     793     |     793     | 7.93000E+02 |     793     | 0.00000E+00 
299| 120000 |     790     |     793     | 7.92992E+02 |     790     | 1.49812E-01 
300| 120400 |     786     |     793     | 7.92967E+02 |     786     | 4.07975E-01 
301| 120800 |     786     |     793     | 7.92942E+02 |     786     | 5.56052E-01 
302| 121200 |     786     |     793     | 7.92925E+02 |     786     | 6.55267E-01 
303| 121600 |     786     |     793     | 7.92900E+02 |     786     | 7.54983E-01 
304| 122000 |     786     |     793     | 7.92798E+02 |     786     | 1.09384E+00 
种群信息导出完毕。
评价次数：122000
时间已过 103.11184215545654 秒
最小的救援时间为：786
最优的救援方案为：
第1辆车的救援路线：车库→受灾点20→避难所45→救援结束
第2辆车的救援路线：车库→受灾点13→避难所32→受灾点16→避难所27→受灾点16→避难所27→救援结束
第3辆车的救援路线：车库→受灾点13→避难所34→受灾点16→避难所34→受灾点16→避难所34→救援结束
第4辆车的救援路线：车库→受灾点13→避难所34→救援结束
第5辆车的救援路线：车库→受灾点10→避难所39→救援结束
第6辆车的救援路线：车库→受灾点16→避难所45→受灾点5→避难所26→受灾点16→避难所45→受灾点5→避难所34→救援结束
第7辆车的救援路线：车库→受灾点16→避难所32→受灾点5→避难所32→受灾点10→避难所44→救援结束
第8辆车的救援路线：车库→受灾点18→避难所34→受灾点5→避难所34→受灾点16→避难所32→受灾点1→避难所32→救援结束
第9辆车的救援路线：车库→受灾点20→避难所34→受灾点16→避难所45→受灾点13→避难所37→救援结束
第10辆车的救援路线：车库→受灾点13→避难所42→受灾点18→避难所34→受灾点2→避难所41→救援结束
第11辆车的救援路线：车库→受灾点3→避难所35→救援结束
第12辆车的救援路线：车库→受灾点21→避难所32→救援结束
第13辆车的救援路线：车库→受灾点3→避难所32→受灾点10→避难所42→受灾点18→避难所34→受灾点2→避难所32→救援结束
第14辆车的救援路线：车库→受灾点16→避难所35→受灾点19→避难所28→救援结束
第15辆车的救援路线：车库→受灾点22→避难所38→受灾点16→避难所32→受灾点7→避难所34→受灾点8→避难所34→救援结束
第16辆车的救援路线：车库→受灾点16→避难所41→受灾点21→避难所34→救援结束
第17辆车的救援路线：车库→受灾点16→避难所36→受灾点2→避难所31→受灾点13→避难所40→救援结束
第18辆车的救援路线：车库→受灾点5→避难所32→救援结束
第19辆车的救援路线：车库→受灾点6→避难所34→受灾点15→避难所30→受灾点7→避难所34→受灾点15→避难所26→受灾点10→避难所32→救援结束
第20辆车的救援路线：车库→受灾点16→避难所34→救援结束
第21辆车的救援路线：车库→受灾点13→避难所34→受灾点5→避难所32→受灾点21→避难所34→受灾点7→避难所34→救援结束
第22辆车的救援路线：车库→受灾点9→避难所42→受灾点16→避难所42→受灾点16→避难所45→救援结束
第23辆车的救援路线：车库→受灾点13→避难所38→受灾点11→避难所45→受灾点16→避难所33→救援结束
第24辆车的救援路线：车库→受灾点11→避难所38→受灾点6→避难所26→受灾点5→避难所45→受灾点16→避难所34→受灾点5→避难所35→救援结束
第25辆车的救援路线：车库→受灾点13→避难所45→救援结束
第26辆车的救援路线：车库→受灾点13→避难所34→受灾点13→避难所31→受灾点7→避难所34→救援结束
第27辆车的救援路线：车库→受灾点16→避难所35→受灾点11→避难所34→受灾点17→避难所32→救援结束
第28辆车的救援路线：车库→受灾点22→避难所34→受灾点12→避难所32→受灾点16→避难所34→救援结束
第29辆车的救援路线：车库→受灾点16→避难所34→救援结束
第30辆车的救援路线：车库→受灾点11→避难所35→受灾点5→避难所43→救援结束
第31辆车的救援路线：车库→受灾点13→避难所37→受灾点21→避难所34→受灾点18→避难所34→救援结束
第32辆车的救援路线：车库→受灾点18→避难所34→受灾点11→避难所44→救援结束
第33辆车的救援路线：车库→受灾点16→避难所37→受灾点11→避难所34→受灾点16→避难所45→受灾点1→避难所28→救援结束
第34辆车的救援路线：车库→受灾点16→避难所42→受灾点14→避难所34→受灾点18→避难所38→救援结束
第35辆车的救援路线：车库→受灾点6→避难所32→受灾点14→避难所34→受灾点16→避难所26→救援结束
第36辆车的救援路线：车库→受灾点7→避难所40→受灾点18→避难所34→受灾点11→避难所45→受灾点13→避难所42→救援结束
第37辆车的救援路线：车库→受灾点14→避难所32→受灾点20→避难所38→受灾点6→避难所34→受灾点13→避难所32→救援结束
第38辆车的救援路线：车库→受灾点1→避难所32→受灾点10→避难所45→受灾点11→避难所34→受灾点16→避难所41→救援结束
第39辆车的救援路线：车库→受灾点21→避难所35→救援结束
第40辆车的救援路线：车库→受灾点11→避难所42→受灾点19→避难所31→受灾点10→避难所40→救援结束
第41辆车的救援路线：车库→受灾点13→避难所29→受灾点5→避难所23→救援结束
第42辆车的救援路线：车库→受灾点18→避难所45→受灾点10→避难所44→受灾点7→避难所34→救援结束
第43辆车的救援路线：车库→受灾点5→避难所34→受灾点6→避难所32→受灾点2→避难所34→受灾点13→避难所37→受灾点18→避难所40→救援结束
第44辆车的救援路线：车库→受灾点10→避难所34→受灾点7→避难所26→受灾点14→避难所37→受灾点11→避难所26→受灾点11→避难所32→救援结束
第45辆车的救援路线：车库→受灾点10→避难所35→受灾点11→避难所45→救援结束
第46辆车的救援路线：车库→受灾点2→避难所34→受灾点15→避难所27→受灾点11→避难所34→受灾点16→避难所45→受灾点5→避难所34→救援结束
第47辆车的救援路线：车库→受灾点18→避难所34→受灾点8→避难所34→受灾点18→避难所34→受灾点6→避难所34→救援结束
第48辆车的救援路线：车库→受灾点4→避难所34→救援结束
第49辆车的救援路线：车库→受灾点13→避难所42→受灾点20→避难所32→受灾点7→避难所34→救援结束
第50辆车的救援路线：车库→受灾点5→避难所28→受灾点11→避难所35→受灾点2→避难所35→救援结束
