==================================================================================
gen|  eval  |    f_opt    |    f_max    |    f_avg    |    f_min    |    f_std    
----------------------------------------------------------------------------------
 0 |  400   |     1443    |     6502    | 2.53699E+03 |     1443    | 6.00606E+02 
 1 |  800   |     1443    |     2348    | 2.05087E+03 |     1443    | 1.96570E+02 
 2 |  1200  |     1430    |     2089    | 1.89047E+03 |     1430    | 1.37047E+02 
 3 |  1600  |     1430    |     1951    | 1.79443E+03 |     1430    | 1.17947E+02 
 4 |  2000  |     1430    |     1857    | 1.73090E+03 |     1430    | 1.00285E+02 
 5 |  2400  |     1411    |     1785    | 1.66738E+03 |     1411    | 8.88446E+01 
 6 |  2800  |     1407    |     1727    | 1.61973E+03 |     1407    | 7.61258E+01 
 7 |  3200  |     1235    |     1668    | 1.57725E+03 |     1235    | 6.94181E+01 
 8 |  3600  |     1235    |     1623    | 1.53904E+03 |     1235    | 6.29873E+01 
 9 |  4000  |     1235    |     1583    | 1.50679E+03 |     1235    | 6.08265E+01 
 10|  4400  |     1235    |     1555    | 1.47793E+03 |     1235    | 5.90074E+01 
 11|  4800  |     1206    |     1518    | 1.44750E+03 |     1206    | 5.69206E+01 
 12|  5200  |     1205    |     1491    | 1.42499E+03 |     1205    | 5.64191E+01 
 13|  5600  |     1172    |     1467    | 1.39868E+03 |     1172    | 5.61189E+01 
 14|  6000  |     1172    |     1440    | 1.37538E+03 |     1172    | 5.61524E+01 
 15|  6400  |     1172    |     1413    | 1.34731E+03 |     1172    | 5.69161E+01 
 16|  6800  |     1145    |     1389    | 1.31588E+03 |     1145    | 5.26803E+01 
 17|  7200  |     1136    |     1354    | 1.28984E+03 |     1136    | 4.48011E+01 
 18|  7600  |     1136    |     1326    | 1.26785E+03 |     1136    | 4.05921E+01 
 19|  8000  |     1111    |     1303    | 1.25088E+03 |     1111    | 3.69795E+01 
 20|  8400  |     1111    |     1276    | 1.23346E+03 |     1111    | 3.28212E+01 
 21|  8800  |     1111    |     1262    | 1.21979E+03 |     1111    | 3.13741E+01 
 22|  9200  |     1104    |     1242    | 1.20645E+03 |     1104    | 3.08045E+01 
 23|  9600  |     1093    |     1232    | 1.19176E+03 |     1093    | 3.01864E+01 
 24| 10000  |     1066    |     1219    | 1.18082E+03 |     1066    | 2.86661E+01 
 25| 10400  |     1063    |     1208    | 1.17193E+03 |     1063    | 2.81218E+01 
 26| 10800  |     1063    |     1196    | 1.16353E+03 |     1063    | 2.71395E+01 
 27| 11200  |     1063    |     1188    | 1.15527E+03 |     1063    | 2.57917E+01 
 28| 11600  |     1063    |     1177    | 1.14559E+03 |     1063    | 2.60328E+01 
 29| 12000  |     1022    |     1169    | 1.13741E+03 |     1022    | 2.51810E+01 
 30| 12400  |     1022    |     1159    | 1.12823E+03 |     1022    | 2.44463E+01 
 31| 12800  |     1022    |     1149    | 1.11886E+03 |     1022    | 2.35667E+01 
 32| 13200  |     1022    |     1139    | 1.11052E+03 |     1022    | 2.31244E+01 
 33| 13600  |     1022    |     1131    | 1.10213E+03 |     1022    | 2.14692E+01 
 34| 14000  |     1003    |     1120    | 1.09383E+03 |     1003    | 2.08485E+01 
 35| 14400  |     1003    |     1110    | 1.08532E+03 |     1003    | 2.09373E+01 
 36| 14800  |     1003    |     1102    | 1.07867E+03 |     1003    | 1.95806E+01 
 37| 15200  |     1003    |     1096    | 1.07313E+03 |     1003    | 1.91514E+01 
 38| 15600  |     1002    |     1089    | 1.06546E+03 |     1002    | 1.83805E+01 
 39| 16000  |     1002    |     1082    | 1.06051E+03 |     1002    | 1.76509E+01 
 40| 16400  |     1002    |     1077    | 1.05475E+03 |     1002    | 1.66034E+01 
 41| 16800  |     986     |     1072    | 1.04916E+03 |     986     | 1.58336E+01 
 42| 17200  |     962     |     1066    | 1.04359E+03 |     962     | 1.47536E+01 
 43| 17600  |     962     |     1056    | 1.03837E+03 |     962     | 1.37669E+01 
 44| 18000  |     962     |     1050    | 1.03469E+03 |     962     | 1.29402E+01 
 45| 18400  |     962     |     1045    | 1.03112E+03 |     962     | 1.30707E+01 
 46| 18800  |     962     |     1043    | 1.02701E+03 |     962     | 1.42810E+01 
 47| 19200  |     962     |     1039    | 1.02388E+03 |     962     | 1.45124E+01 
 48| 19600  |     962     |     1036    | 1.02111E+03 |     962     | 1.46157E+01 
 49| 20000  |     962     |     1035    | 1.01778E+03 |     962     | 1.45223E+01 
 50| 20400  |     952     |     1030    | 1.01342E+03 |     952     | 1.43843E+01 
 51| 20800  |     952     |     1026    | 1.00984E+03 |     952     | 1.41876E+01 
 52| 21200  |     952     |     1022    | 1.00685E+03 |     952     | 1.41828E+01 
 53| 21600  |     952     |     1019    | 1.00400E+03 |     952     | 1.38453E+01 
 54| 22000  |     952     |     1016    | 1.00093E+03 |     952     | 1.39663E+01 
 55| 22400  |     952     |     1014    | 9.98372E+02 |     952     | 1.35196E+01 
 56| 22800  |     952     |     1012    | 9.95423E+02 |     952     | 1.31280E+01 
 57| 23200  |     952     |     1007    | 9.92102E+02 |     952     | 1.24959E+01 
 58| 23600  |     952     |     1003    | 9.88503E+02 |     952     | 1.26497E+01 
 59| 24000  |     952     |     1000    | 9.85038E+02 |     952     | 1.22807E+01 
 60| 24400  |     952     |     997     | 9.81540E+02 |     952     | 1.14973E+01 
 61| 24800  |     952     |     993     | 9.77140E+02 |     952     | 1.04089E+01 
 62| 25200  |     952     |     987     | 9.72865E+02 |     952     | 8.79129E+00 
 63| 25600  |     952     |     981     | 9.69035E+02 |     952     | 7.20096E+00 
 64| 26000  |     952     |     977     | 9.65695E+02 |     952     | 4.95499E+00 
 65| 26400  |     952     |     971     | 9.63300E+02 |     952     | 3.30908E+00 
 66| 26800  |     952     |     964     | 9.61692E+02 |     952     | 1.56459E+00 
 67| 27200  |     952     |     962     | 9.61303E+02 |     952     | 1.73666E+00 
 68| 27600  |     952     |     962     | 9.61035E+02 |     952     | 1.93488E+00 
 69| 28000  |     944     |     962     | 9.60648E+02 |     944     | 2.42554E+00 
 70| 28400  |     944     |     962     | 9.60128E+02 |     944     | 2.76790E+00 
 71| 28800  |     944     |     962     | 9.59355E+02 |     944     | 3.07961E+00 
 72| 29200  |     944     |     961     | 9.58525E+02 |     944     | 3.60408E+00 
 73| 29600  |     941     |     961     | 9.57742E+02 |     941     | 3.93843E+00 
 74| 30000  |     941     |     961     | 9.56558E+02 |     941     | 4.15893E+00 
 75| 30400  |     941     |     961     | 9.55700E+02 |     941     | 3.88909E+00 
 76| 30800  |     941     |     958     | 9.54355E+02 |     941     | 3.61649E+00 
 77| 31200  |     936     |     957     | 9.53477E+02 |     936     | 3.86516E+00 
 78| 31600  |     935     |     957     | 9.52663E+02 |     935     | 3.99357E+00 
 79| 32000  |     929     |     955     | 9.51617E+02 |     929     | 4.11718E+00 
 80| 32400  |     928     |     955     | 9.50702E+02 |     928     | 4.31961E+00 
 81| 32800  |     928     |     953     | 9.49725E+02 |     928     | 4.67273E+00 
 82| 33200  |     928     |     953     | 9.48678E+02 |     928     | 5.10818E+00 
 83| 33600  |     928     |     953     | 9.47365E+02 |     928     | 5.13145E+00 
 84| 34000  |     928     |     953     | 9.45950E+02 |     928     | 4.95000E+00 
 85| 34400  |     928     |     951     | 9.44070E+02 |     928     | 4.03920E+00 
 86| 34800  |     928     |     947     | 9.42935E+02 |     928     | 3.93456E+00 
 87| 35200  |     928     |     945     | 9.41965E+02 |     928     | 4.11507E+00 
 88| 35600  |     928     |     945     | 9.41168E+02 |     928     | 4.40788E+00 
 89| 36000  |     928     |     944     | 9.40312E+02 |     928     | 4.77178E+00 
 90| 36400  |     925     |     944     | 9.39173E+02 |     925     | 5.22616E+00 
 91| 36800  |     914     |     944     | 9.38055E+02 |     914     | 5.44444E+00 
 92| 37200  |     914     |     943     | 9.36730E+02 |     914     | 5.40158E+00 
 93| 37600  |     914     |     941     | 9.35423E+02 |     914     | 5.36414E+00 
 94| 38000  |     914     |     941     | 9.33525E+02 |     914     | 5.27772E+00 
 95| 38400  |     914     |     940     | 9.31830E+02 |     914     | 4.90929E+00 
 96| 38800  |     908     |     937     | 9.30207E+02 |     908     | 4.37544E+00 
 97| 39200  |     908     |     935     | 9.29010E+02 |     908     | 4.04103E+00 
 98| 39600  |     908     |     933     | 9.27790E+02 |     908     | 3.86405E+00 
 99| 40000  |     908     |     930     | 9.26888E+02 |     908     | 3.65853E+00 
100| 40400  |     902     |     929     | 9.26188E+02 |     902     | 4.08746E+00 
101| 40800  |     902     |     928     | 9.25660E+02 |     902     | 4.41298E+00 
102| 41200  |     902     |     928     | 9.24695E+02 |     902     | 4.94034E+00 
103| 41600  |     902     |     928     | 9.23875E+02 |     902     | 5.27346E+00 
104| 42000  |     902     |     928     | 9.22525E+02 |     902     | 5.41520E+00 
105| 42400  |     902     |     928     | 9.21420E+02 |     902     | 5.28570E+00 
106| 42800  |     902     |     925     | 9.20278E+02 |     902     | 5.27357E+00 
107| 43200  |     902     |     925     | 9.19283E+02 |     902     | 5.29884E+00 
108| 43600  |     902     |     925     | 9.18270E+02 |     902     | 5.26850E+00 
109| 44000  |     902     |     925     | 9.17060E+02 |     902     | 5.03849E+00 
110| 44400  |     902     |     924     | 9.15763E+02 |     902     | 4.25806E+00 
111| 44800  |     902     |     920     | 9.14425E+02 |     902     | 3.61585E+00 
112| 45200  |     902     |     919     | 9.13562E+02 |     902     | 3.07670E+00 
113| 45600  |     902     |     917     | 9.12865E+02 |     902     | 2.98023E+00 
114| 46000  |     902     |     914     | 9.12465E+02 |     902     | 2.99563E+00 
115| 46400  |     902     |     914     | 9.11995E+02 |     902     | 3.41247E+00 
116| 46800  |     902     |     914     | 9.11450E+02 |     902     | 3.66231E+00 
117| 47200  |     902     |     914     | 9.10780E+02 |     902     | 3.88479E+00 
118| 47600  |     902     |     914     | 9.10112E+02 |     902     | 4.03545E+00 
119| 48000  |     902     |     914     | 9.08908E+02 |     902     | 4.23012E+00 
120| 48400  |     902     |     914     | 9.07850E+02 |     902     | 3.90928E+00 
121| 48800  |     902     |     912     | 9.06650E+02 |     902     | 3.28748E+00 
122| 49200  |     902     |     910     | 9.05925E+02 |     902     | 3.02149E+00 
123| 49600  |     902     |     910     | 9.05317E+02 |     902     | 2.80387E+00 
124| 50000  |     902     |     908     | 9.04562E+02 |     902     | 2.56536E+00 
125| 50400  |     902     |     908     | 9.04095E+02 |     902     | 2.41578E+00 
126| 50800  |     902     |     908     | 9.03418E+02 |     902     | 1.99830E+00 
127| 51200  |     902     |     907     | 9.02910E+02 |     902     | 1.56266E+00 
128| 51600  |     902     |     905     | 9.02450E+02 |     902     | 9.88686E-01 
129| 52000  |     902     |     904     | 9.02070E+02 |     902     | 3.31813E-01 
130| 52400  |     902     |     902     | 9.02000E+02 |     902     | 0.00000E+00 
131| 52800  |     902     |     902     | 9.02000E+02 |     902     | 0.00000E+00 
132| 53200  |     902     |     902     | 9.02000E+02 |     902     | 0.00000E+00 
133| 53600  |     901     |     902     | 9.01997E+02 |     901     | 4.99375E-02 
134| 54000  |     901     |     902     | 9.01997E+02 |     901     | 4.99375E-02 
135| 54400  |     901     |     902     | 9.01997E+02 |     901     | 4.99375E-02 
136| 54800  |     899     |     902     | 9.01990E+02 |     899     | 1.57797E-01 
137| 55200  |     899     |     902     | 9.01990E+02 |     899     | 1.57797E-01 
138| 55600  |     899     |     902     | 9.01987E+02 |     899     | 1.65359E-01 
139| 56000  |     899     |     902     | 9.01985E+02 |     899     | 1.72554E-01 
140| 56400  |     899     |     902     | 9.01982E+02 |     899     | 1.79426E-01 
141| 56800  |     899     |     902     | 9.01970E+02 |     899     | 2.43105E-01 
142| 57200  |     899     |     902     | 9.01950E+02 |     899     | 3.27872E-01 
143| 57600  |     899     |     902     | 9.01938E+02 |     899     | 3.65505E-01 
144| 58000  |     899     |     902     | 9.01933E+02 |     899     | 3.71408E-01 
145| 58400  |     899     |     902     | 9.01923E+02 |     899     | 3.82745E-01 
146| 58800  |     899     |     902     | 9.01908E+02 |     899     | 4.17066E-01 
147| 59200  |     899     |     902     | 9.01895E+02 |     899     | 4.28923E-01 
148| 59600  |     899     |     902     | 9.01872E+02 |     899     | 4.80878E-01 
149| 60000  |     899     |     902     | 9.01832E+02 |     899     | 5.51764E-01 
150| 60400  |     899     |     902     | 9.01770E+02 |     899     | 6.57343E-01 
151| 60800  |     899     |     902     | 9.01725E+02 |     899     | 7.06665E-01 
152| 61200  |     899     |     902     | 9.01643E+02 |     899     | 7.77621E-01 
153| 61600  |     899     |     902     | 9.01558E+02 |     899     | 8.34682E-01 
154| 62000  |     899     |     902     | 9.01467E+02 |     899     | 8.79741E-01 
155| 62400  |     899     |     902     | 9.01357E+02 |     899     | 9.43236E-01 
156| 62800  |     899     |     902     | 9.01210E+02 |     899     | 9.97948E-01 
157| 63200  |     899     |     902     | 9.01005E+02 |     899     | 1.01488E+00 
158| 63600  |     888     |     902     | 9.00735E+02 |     888     | 1.18944E+00 
159| 64000  |     888     |     901     | 9.00383E+02 |     888     | 1.09827E+00 
160| 64400  |     888     |     901     | 9.00110E+02 |     888     | 1.15668E+00 
161| 64800  |     888     |     901     | 8.99775E+02 |     888     | 1.31125E+00 
162| 65200  |     888     |     901     | 8.99472E+02 |     888     | 1.22035E+00 
163| 65600  |     888     |     901     | 8.98952E+02 |     888     | 1.03211E+00 
164| 66000  |     888     |     899     | 8.98827E+02 |     888     | 1.18437E+00 
165| 66400  |     888     |     899     | 8.98820E+02 |     888     | 1.19273E+00 
166| 66800  |     888     |     899     | 8.98705E+02 |     888     | 1.56620E+00 
167| 67200  |     888     |     899     | 8.98520E+02 |     888     | 1.96331E+00 
168| 67600  |     888     |     899     | 8.98362E+02 |     888     | 2.24190E+00 
169| 68000  |     888     |     899     | 8.98075E+02 |     888     | 2.68130E+00 
170| 68400  |     888     |     899     | 8.97555E+02 |     888     | 3.27368E+00 
171| 68800  |     888     |     899     | 8.97028E+02 |     888     | 3.68873E+00 
172| 69200  |     888     |     899     | 8.96398E+02 |     888     | 4.00868E+00 
173| 69600  |     888     |     899     | 8.94957E+02 |     888     | 4.43347E+00 
174| 70000  |     888     |     899     | 8.93410E+02 |     888     | 4.33900E+00 
175| 70400  |     885     |     899     | 8.91515E+02 |     885     | 3.39555E+00 
176| 70800  |     885     |     891     | 8.89872E+02 |     885     | 1.47182E+00 
177| 71200  |     885     |     891     | 8.89435E+02 |     885     | 1.54298E+00 
178| 71600  |     885     |     891     | 8.88860E+02 |     885     | 1.40371E+00 
179| 72000  |     885     |     891     | 8.88258E+02 |     885     | 9.57180E-01 
180| 72400  |     885     |     888     | 8.87955E+02 |     885     | 3.64657E-01 
181| 72800  |     885     |     888     | 8.87940E+02 |     885     | 4.20000E-01 
182| 73200  |     885     |     888     | 8.87910E+02 |     885     | 5.11762E-01 
183| 73600  |     885     |     888     | 8.87842E+02 |     885     | 6.69099E-01 
184| 74000  |     885     |     888     | 8.87790E+02 |     885     | 7.65441E-01 
185| 74400  |     885     |     888     | 8.87715E+02 |     885     | 8.79645E-01 
186| 74800  |     885     |     888     | 8.87565E+02 |     885     | 1.05630E+00 
187| 75200  |     884     |     888     | 8.87428E+02 |     884     | 1.18311E+00 
188| 75600  |     884     |     888     | 8.87268E+02 |     884     | 1.29071E+00 
189| 76000  |     884     |     888     | 8.86997E+02 |     884     | 1.41686E+00 
190| 76400  |     884     |     888     | 8.86715E+02 |     884     | 1.49291E+00 
191| 76800  |     884     |     888     | 8.86320E+02 |     884     | 1.50419E+00 
192| 77200  |     884     |     888     | 8.85840E+02 |     884     | 1.36909E+00 
193| 77600  |     884     |     888     | 8.85325E+02 |     884     | 9.74359E-01 
194| 78000  |     884     |     885     | 8.84972E+02 |     884     | 1.63535E-01 
195| 78400  |     884     |     885     | 8.84962E+02 |     884     | 1.89984E-01 
196| 78800  |     884     |     885     | 8.84945E+02 |     884     | 2.27980E-01 
197| 79200  |     884     |     885     | 8.84920E+02 |     884     | 2.71293E-01 
198| 79600  |     884     |     885     | 8.84880E+02 |     884     | 3.24962E-01 
199| 80000  |     884     |     885     | 8.84842E+02 |     884     | 3.64272E-01 
200| 80400  |     884     |     885     | 8.84760E+02 |     884     | 4.27083E-01 
201| 80800  |     884     |     885     | 8.84680E+02 |     884     | 4.66476E-01 
202| 81200  |     884     |     885     | 8.84555E+02 |     884     | 4.96966E-01 
203| 81600  |     884     |     885     | 8.84380E+02 |     884     | 4.85386E-01 
204| 82000  |     884     |     885     | 8.84197E+02 |     884     | 3.98113E-01 
205| 82400  |     883     |     884     | 8.83997E+02 |     883     | 4.99375E-02 
206| 82800  |     883     |     884     | 8.83995E+02 |     883     | 7.05337E-02 
207| 83200  |     883     |     884     | 8.83990E+02 |     883     | 9.94987E-02 
208| 83600  |     883     |     884     | 8.83987E+02 |     883     | 1.11102E-01 
209| 84000  |     883     |     884     | 8.83977E+02 |     883     | 1.48303E-01 
210| 84400  |     883     |     884     | 8.83965E+02 |     883     | 1.83780E-01 
211| 84800  |     883     |     884     | 8.83945E+02 |     883     | 2.27980E-01 
212| 85200  |     883     |     884     | 8.83938E+02 |     883     | 2.42061E-01 
213| 85600  |     883     |     884     | 8.83920E+02 |     883     | 2.71293E-01 
214| 86000  |     883     |     884     | 8.83883E+02 |     883     | 3.22015E-01 
215| 86400  |     883     |     884     | 8.83850E+02 |     883     | 3.57071E-01 
216| 86800  |     883     |     884     | 8.83788E+02 |     883     | 4.09077E-01 
217| 87200  |     883     |     884     | 8.83678E+02 |     883     | 4.67433E-01 
218| 87600  |     883     |     884     | 8.83530E+02 |     883     | 4.99099E-01 
219| 88000  |     883     |     884     | 8.83325E+02 |     883     | 4.68375E-01 
220| 88400  |     883     |     884     | 8.83087E+02 |     883     | 2.82566E-01 
221| 88800  |     883     |     883     | 8.83000E+02 |     883     | 0.00000E+00 
222| 89200  |     883     |     883     | 8.83000E+02 |     883     | 0.00000E+00 
223| 89600  |     883     |     883     | 8.83000E+02 |     883     | 0.00000E+00 
224| 90000  |     883     |     883     | 8.83000E+02 |     883     | 0.00000E+00 
225| 90400  |     883     |     883     | 8.83000E+02 |     883     | 0.00000E+00 
226| 90800  |     883     |     883     | 8.83000E+02 |     883     | 0.00000E+00 
227| 91200  |     883     |     883     | 8.83000E+02 |     883     | 0.00000E+00 
228| 91600  |     883     |     883     | 8.83000E+02 |     883     | 0.00000E+00 
229| 92000  |     883     |     883     | 8.83000E+02 |     883     | 0.00000E+00 
230| 92400  |     883     |     883     | 8.83000E+02 |     883     | 0.00000E+00 
231| 92800  |     883     |     883     | 8.83000E+02 |     883     | 0.00000E+00 
232| 93200  |     883     |     883     | 8.83000E+02 |     883     | 0.00000E+00 
233| 93600  |     883     |     883     | 8.83000E+02 |     883     | 0.00000E+00 
234| 94000  |     883     |     883     | 8.83000E+02 |     883     | 0.00000E+00 
235| 94400  |     883     |     883     | 8.83000E+02 |     883     | 0.00000E+00 
236| 94800  |     883     |     883     | 8.83000E+02 |     883     | 0.00000E+00 
237| 95200  |     883     |     883     | 8.83000E+02 |     883     | 0.00000E+00 
238| 95600  |     883     |     883     | 8.83000E+02 |     883     | 0.00000E+00 
239| 96000  |     883     |     883     | 8.83000E+02 |     883     | 0.00000E+00 
240| 96400  |     883     |     883     | 8.83000E+02 |     883     | 0.00000E+00 
241| 96800  |     883     |     883     | 8.83000E+02 |     883     | 0.00000E+00 
242| 97200  |     883     |     883     | 8.83000E+02 |     883     | 0.00000E+00 
243| 97600  |     883     |     883     | 8.83000E+02 |     883     | 0.00000E+00 
244| 98000  |     882     |     883     | 8.82997E+02 |     882     | 4.99375E-02 
245| 98400  |     882     |     883     | 8.82997E+02 |     882     | 4.99375E-02 
246| 98800  |     882     |     883     | 8.82992E+02 |     882     | 8.62772E-02 
247| 99200  |     882     |     883     | 8.82985E+02 |     882     | 1.21552E-01 
248| 99600  |     882     |     883     | 8.82975E+02 |     882     | 1.56125E-01 
249| 100000 |     882     |     883     | 8.82972E+02 |     882     | 1.63535E-01 
250| 100400 |     882     |     883     | 8.82950E+02 |     882     | 2.17945E-01 
251| 100800 |     881     |     883     | 8.82918E+02 |     881     | 2.84066E-01 
252| 101200 |     880     |     883     | 8.82872E+02 |     880     | 3.69112E-01 
253| 101600 |     880     |     883     | 8.82835E+02 |     880     | 4.03454E-01 
254| 102000 |     880     |     883     | 8.82727E+02 |     880     | 5.03233E-01 
255| 102400 |     880     |     883     | 8.82570E+02 |     880     | 6.24580E-01 
256| 102800 |     880     |     883     | 8.82352E+02 |     880     | 7.16410E-01 
257| 103200 |     880     |     883     | 8.82102E+02 |     880     | 7.32799E-01 
258| 103600 |     880     |     883     | 8.81822E+02 |     880     | 6.41088E-01 
259| 104000 |     880     |     882     | 8.81683E+02 |     880     | 7.04765E-01 
260| 104400 |     880     |     882     | 8.81553E+02 |     880     | 8.01401E-01 
261| 104800 |     880     |     882     | 8.81380E+02 |     880     | 8.83516E-01 
262| 105200 |     880     |     882     | 8.81170E+02 |     880     | 9.38669E-01 
263| 105600 |     880     |     882     | 8.80878E+02 |     880     | 9.28705E-01 
264| 106000 |     878     |     882     | 8.80485E+02 |     878     | 7.80881E-01 
265| 106400 |     878     |     881     | 8.80092E+02 |     878     | 3.14553E-01 
266| 106800 |     878     |     880     | 8.79990E+02 |     878     | 1.41067E-01 
267| 107200 |     878     |     880     | 8.79980E+02 |     878     | 1.98997E-01 
268| 107600 |     878     |     880     | 8.79975E+02 |     878     | 2.22205E-01 
269| 108000 |     878     |     880     | 8.79975E+02 |     878     | 2.22205E-01 
270| 108400 |     878     |     880     | 8.79965E+02 |     878     | 2.62250E-01 
271| 108800 |     878     |     880     | 8.79955E+02 |     878     | 2.96606E-01 
272| 109200 |     878     |     880     | 8.79920E+02 |     878     | 3.91918E-01 
273| 109600 |     878     |     880     | 8.79890E+02 |     878     | 4.55961E-01 
274| 110000 |     878     |     880     | 8.79845E+02 |     878     | 5.34766E-01 
275| 110400 |     878     |     880     | 8.79815E+02 |     878     | 5.79461E-01 
276| 110800 |     858     |     880     | 8.79688E+02 |     858     | 1.27469E+00 
277| 111200 |     858     |     880     | 8.79525E+02 |     858     | 1.70862E+00 
278| 111600 |     858     |     880     | 8.79395E+02 |     858     | 1.74183E+00 
279| 112000 |     858     |     880     | 8.79178E+02 |     858     | 1.79192E+00 
280| 112400 |     858     |     880     | 8.78872E+02 |     858     | 2.07996E+00 
281| 112800 |     858     |     880     | 8.78508E+02 |     858     | 2.02360E+00 
282| 113200 |     858     |     880     | 8.77962E+02 |     858     | 2.13918E+00 
283| 113600 |     858     |     878     | 8.77645E+02 |     858     | 2.44724E+00 
284| 114000 |     858     |     878     | 8.77440E+02 |     858     | 3.10667E+00 
285| 114400 |     858     |     878     | 8.77173E+02 |     858     | 3.71991E+00 
286| 114800 |     858     |     878     | 8.76653E+02 |     858     | 4.59584E+00 
287| 115200 |     858     |     878     | 8.76023E+02 |     858     | 5.44261E+00 
288| 115600 |     858     |     878     | 8.75263E+02 |     858     | 6.31772E+00 
289| 116000 |     858     |     878     | 8.74400E+02 |     858     | 6.98534E+00 
290| 116400 |     858     |     878     | 8.72612E+02 |     858     | 7.98795E+00 
291| 116800 |     858     |     878     | 8.70550E+02 |     858     | 8.54005E+00 
种群信息导出完毕。
评价次数：116800
时间已过 95.53219294548035 秒
最小的救援时间为：858
最优的救援方案为：
第1辆车的救援路线：车库→受灾点12→避难所28→受灾点16→避难所45→受灾点16→避难所32→受灾点5→避难所32→救援结束
第2辆车的救援路线：车库→受灾点11→避难所26→受灾点6→避难所37→受灾点11→避难所34→受灾点6→避难所35→受灾点11→避难所34→救援结束
第3辆车的救援路线：车库→受灾点16→避难所24→受灾点13→避难所34→受灾点18→避难所39→救援结束
第4辆车的救援路线：车库→受灾点2→避难所42→受灾点5→避难所35→救援结束
第5辆车的救援路线：车库→受灾点13→避难所34→受灾点16→避难所32→受灾点2→避难所45→受灾点16→避难所35→救援结束
第6辆车的救援路线：车库→受灾点11→避难所34→受灾点2→避难所44→受灾点10→避难所45→受灾点16→避难所38→受灾点8→避难所34→救援结束
第7辆车的救援路线：车库→受灾点7→避难所40→受灾点2→避难所45→受灾点16→避难所46→受灾点18→避难所30→受灾点5→避难所34→救援结束
第8辆车的救援路线：车库→受灾点16→避难所35→救援结束
第9辆车的救援路线：车库→受灾点13→避难所32→受灾点7→避难所34→受灾点5→避难所45→受灾点5→避难所32→受灾点1→避难所34→救援结束
第10辆车的救援路线：车库→受灾点7→避难所34→受灾点13→避难所45→受灾点7→避难所32→受灾点11→避难所42→救援结束
第11辆车的救援路线：车库→受灾点17→避难所34→受灾点11→避难所34→救援结束
第12辆车的救援路线：车库→受灾点7→避难所45→受灾点3→避难所37→受灾点11→避难所32→受灾点10→避难所45→受灾点16→避难所45→救援结束
第13辆车的救援路线：车库→受灾点14→避难所30→受灾点5→避难所32→受灾点16→避难所34→受灾点13→避难所34→救援结束
第14辆车的救援路线：车库→受灾点5→避难所34→受灾点20→避难所45→受灾点5→避难所34→受灾点18→避难所26→救援结束
第15辆车的救援路线：车库→受灾点20→避难所29→救援结束
第16辆车的救援路线：车库→受灾点13→避难所40→救援结束
第17辆车的救援路线：车库→受灾点7→避难所32→受灾点13→避难所41→救援结束
第18辆车的救援路线：车库→受灾点22→避难所26→救援结束
第19辆车的救援路线：车库→受灾点5→避难所30→受灾点6→避难所34→受灾点9→避难所34→受灾点13→避难所32→受灾点11→避难所40→救援结束
第20辆车的救援路线：车库→受灾点16→避难所44→救援结束
第21辆车的救援路线：车库→受灾点16→避难所34→救援结束
第22辆车的救援路线：车库→受灾点6→避难所37→受灾点4→避难所32→受灾点13→避难所34→受灾点7→避难所34→受灾点15→避难所34→救援结束
第23辆车的救援路线：车库→受灾点6→避难所41→受灾点11→避难所34→受灾点1→避难所34→受灾点16→避难所41→救援结束
第24辆车的救援路线：车库→受灾点14→避难所27→救援结束
第25辆车的救援路线：车库→受灾点19→避难所41→救援结束
第26辆车的救援路线：车库→受灾点18→避难所34→受灾点13→避难所45→受灾点11→避难所40→受灾点16→避难所30→救援结束
第27辆车的救援路线：车库→受灾点18→避难所34→救援结束
第28辆车的救援路线：车库→受灾点2→避难所35→受灾点20→避难所27→受灾点16→避难所42→救援结束
第29辆车的救援路线：车库→受灾点5→避难所30→受灾点13→避难所34→受灾点5→避难所38→受灾点16→避难所34→受灾点13→避难所45→救援结束
第30辆车的救援路线：车库→受灾点19→避难所35→受灾点16→避难所34→救援结束
第31辆车的救援路线：车库→受灾点13→避难所34→受灾点3→避难所32→受灾点5→避难所42→救援结束
第32辆车的救援路线：车库→受灾点13→避难所42→受灾点14→避难所35→救援结束
第33辆车的救援路线：车库→受灾点18→避难所34→受灾点10→避难所34→受灾点21→避难所34→救援结束
第34辆车的救援路线：车库→受灾点10→避难所42→救援结束
第35辆车的救援路线：车库→受灾点15→避难所43→受灾点21→避难所34→受灾点1→避难所27→受灾点13→避难所27→救援结束
第36辆车的救援路线：车库→受灾点18→避难所47→受灾点16→避难所45→受灾点8→避难所34→受灾点10→避难所35→救援结束
第37辆车的救援路线：车库→受灾点18→避难所45→受灾点16→避难所35→受灾点21→避难所34→救援结束
第38辆车的救援路线：车库→受灾点18→避难所34→受灾点11→避难所32→受灾点11→避难所34→受灾点14→避难所30→受灾点11→避难所34→救援结束
第39辆车的救援路线：车库→受灾点16→避难所45→救援结束
第40辆车的救援路线：车库→受灾点10→避难所28→受灾点20→避难所32→受灾点7→避难所34→救援结束
第41辆车的救援路线：车库→受灾点13→避难所40→受灾点16→避难所34→受灾点18→避难所34→受灾点15→避难所34→救援结束
第42辆车的救援路线：车库→受灾点18→避难所34→受灾点16→避难所32→救援结束
第43辆车的救援路线：车库→受灾点16→避难所38→受灾点21→避难所32→救援结束
第44辆车的救援路线：车库→受灾点21→避难所42→受灾点16→避难所34→救援结束
第45辆车的救援路线：车库→受灾点16→避难所41→受灾点10→避难所34→救援结束
第46辆车的救援路线：车库→受灾点10→避难所34→受灾点2→避难所29→受灾点6→避难所35→救援结束
第47辆车的救援路线：车库→受灾点22→避难所23→受灾点16→避难所41→救援结束
第48辆车的救援路线：车库→受灾点16→避难所32→救援结束
第49辆车的救援路线：车库→受灾点13→避难所35→受灾点5→避难所35→受灾点10→避难所38→救援结束
第50辆车的救援路线：车库→受灾点11→避难所42→救援结束
