==================================================================================
gen|  eval  |    f_opt    |    f_max    |    f_avg    |    f_min    |    f_std    
----------------------------------------------------------------------------------
 0 |  400   |     1545    |     6389    | 2.56021E+03 |     1545    | 6.03459E+02 
 1 |  800   |     1418    |     2339    | 2.02684E+03 |     1418    | 1.98869E+02 
 2 |  1200  |     1418    |     2050    | 1.84859E+03 |     1418    | 1.34471E+02 
 3 |  1600  |     1399    |     1902    | 1.74873E+03 |     1399    | 1.05454E+02 
 4 |  2000  |     1386    |     1802    | 1.67921E+03 |     1386    | 8.67912E+01 
 5 |  2400  |     1386    |     1744    | 1.63628E+03 |     1386    | 7.72161E+01 
 6 |  2800  |     1279    |     1682    | 1.59059E+03 |     1279    | 6.91878E+01 
 7 |  3200  |     1269    |     1639    | 1.55572E+03 |     1269    | 6.47571E+01 
 8 |  3600  |     1269    |     1601    | 1.52800E+03 |     1269    | 6.07690E+01 
 9 |  4000  |     1266    |     1569    | 1.49738E+03 |     1266    | 6.26516E+01 
 10|  4400  |     1266    |     1544    | 1.47070E+03 |     1266    | 6.18528E+01 
 11|  4800  |     1244    |     1521    | 1.44569E+03 |     1244    | 6.29372E+01 
 12|  5200  |     1179    |     1497    | 1.41471E+03 |     1179    | 6.25649E+01 
 13|  5600  |     1179    |     1463    | 1.38918E+03 |     1179    | 5.70397E+01 
 14|  6000  |     1179    |     1430    | 1.35979E+03 |     1179    | 5.24846E+01 
 15|  6400  |     1179    |     1397    | 1.33348E+03 |     1179    | 4.62219E+01 
 16|  6800  |     1179    |     1366    | 1.30960E+03 |     1179    | 3.97711E+01 
 17|  7200  |     1179    |     1339    | 1.29136E+03 |     1179    | 3.37221E+01 
 18|  7600  |     1179    |     1320    | 1.27590E+03 |     1179    | 3.09019E+01 
 19|  8000  |     1179    |     1299    | 1.26340E+03 |     1179    | 2.75028E+01 
 20|  8400  |     1138    |     1285    | 1.25029E+03 |     1138    | 2.75492E+01 
 21|  8800  |     1138    |     1275    | 1.24075E+03 |     1138    | 2.63284E+01 
 22|  9200  |     1105    |     1265    | 1.23143E+03 |     1105    | 2.67017E+01 
 23|  9600  |     1105    |     1255    | 1.22333E+03 |     1105    | 2.59841E+01 
 24| 10000  |     1105    |     1244    | 1.21368E+03 |     1105    | 2.68490E+01 
 25| 10400  |     1100    |     1239    | 1.20420E+03 |     1100    | 2.68144E+01 
 26| 10800  |     1064    |     1226    | 1.19362E+03 |     1064    | 2.56566E+01 
 27| 11200  |     1064    |     1217    | 1.18579E+03 |     1064    | 2.34179E+01 
 28| 11600  |     1064    |     1207    | 1.17821E+03 |     1064    | 2.17153E+01 
 29| 12000  |     1064    |     1196    | 1.17002E+03 |     1064    | 2.13952E+01 
 30| 12400  |     1064    |     1187    | 1.16421E+03 |     1064    | 2.05124E+01 
 31| 12800  |     1064    |     1181    | 1.15701E+03 |     1064    | 2.10239E+01 
 32| 13200  |     1064    |     1175    | 1.15028E+03 |     1064    | 2.10007E+01 
 33| 13600  |     1063    |     1168    | 1.14327E+03 |     1063    | 2.18869E+01 
 34| 14000  |     1063    |     1164    | 1.13794E+03 |     1063    | 2.16144E+01 
 35| 14400  |     1063    |     1156    | 1.13216E+03 |     1063    | 2.10057E+01 
 36| 14800  |     1046    |     1152    | 1.12801E+03 |     1046    | 2.06532E+01 
 37| 15200  |     1046    |     1147    | 1.12081E+03 |     1046    | 2.01507E+01 
 38| 15600  |     1039    |     1140    | 1.11619E+03 |     1039    | 1.90747E+01 
 39| 16000  |     993     |     1134    | 1.11126E+03 |     993     | 1.91219E+01 
 40| 16400  |     993     |     1128    | 1.10790E+03 |     993     | 1.82329E+01 
 41| 16800  |     993     |     1126    | 1.10446E+03 |     993     | 1.79615E+01 
 42| 17200  |     993     |     1122    | 1.10053E+03 |     993     | 1.82915E+01 
 43| 17600  |     993     |     1117    | 1.09637E+03 |     993     | 1.89014E+01 
 44| 18000  |     993     |     1112    | 1.09080E+03 |     993     | 1.89380E+01 
 45| 18400  |     993     |     1107    | 1.08581E+03 |     993     | 1.91861E+01 
 46| 18800  |     993     |     1103    | 1.08138E+03 |     993     | 1.83834E+01 
 47| 19200  |     993     |     1098    | 1.07742E+03 |     993     | 1.86622E+01 
 48| 19600  |     993     |     1095    | 1.07367E+03 |     993     | 1.83026E+01 
 49| 20000  |     993     |     1092    | 1.07020E+03 |     993     | 1.77349E+01 
 50| 20400  |     993     |     1087    | 1.06691E+03 |     993     | 1.71856E+01 
 51| 20800  |     993     |     1083    | 1.06254E+03 |     993     | 1.69667E+01 
 52| 21200  |     993     |     1079    | 1.05977E+03 |     993     | 1.62156E+01 
 53| 21600  |     977     |     1075    | 1.05585E+03 |     977     | 1.65552E+01 
 54| 22000  |     977     |     1071    | 1.05259E+03 |     977     | 1.68472E+01 
 55| 22400  |     977     |     1069    | 1.04958E+03 |     977     | 1.71346E+01 
 56| 22800  |     977     |     1066    | 1.04619E+03 |     977     | 1.67931E+01 
 57| 23200  |     977     |     1064    | 1.04367E+03 |     977     | 1.59753E+01 
 58| 23600  |     977     |     1062    | 1.04191E+03 |     977     | 1.52873E+01 
 59| 24000  |     977     |     1057    | 1.03860E+03 |     977     | 1.40667E+01 
 60| 24400  |     977     |     1053    | 1.03564E+03 |     977     | 1.39999E+01 
 61| 24800  |     977     |     1050    | 1.03314E+03 |     977     | 1.32291E+01 
 62| 25200  |     977     |     1046    | 1.03062E+03 |     977     | 1.32465E+01 
 63| 25600  |     977     |     1043    | 1.02806E+03 |     977     | 1.31367E+01 
 64| 26000  |     977     |     1040    | 1.02565E+03 |     977     | 1.33486E+01 
 65| 26400  |     977     |     1039    | 1.02293E+03 |     977     | 1.40210E+01 
 66| 26800  |     975     |     1037    | 1.02056E+03 |     975     | 1.40901E+01 
 67| 27200  |     975     |     1035    | 1.01779E+03 |     975     | 1.40219E+01 
 68| 27600  |     975     |     1030    | 1.01449E+03 |     975     | 1.41908E+01 
 69| 28000  |     970     |     1027    | 1.01135E+03 |     970     | 1.44754E+01 
 70| 28400  |     963     |     1023    | 1.00710E+03 |     963     | 1.53258E+01 
 71| 28800  |     960     |     1020    | 1.00331E+03 |     960     | 1.55933E+01 
 72| 29200  |     960     |     1017    | 9.98025E+02 |     960     | 1.59292E+01 
 73| 29600  |     956     |     1012    | 9.90903E+02 |     956     | 1.40014E+01 
 74| 30000  |     956     |     1004    | 9.83933E+02 |     956     | 1.09967E+01 
 75| 30400  |     952     |     993     | 9.77905E+02 |     952     | 8.22836E+00 
 76| 30800  |     951     |     984     | 9.74317E+02 |     951     | 7.00084E+00 
 77| 31200  |     944     |     977     | 9.71530E+02 |     944     | 6.46600E+00 
 78| 31600  |     944     |     977     | 9.69883E+02 |     944     | 6.62674E+00 
 79| 32000  |     944     |     977     | 9.67847E+02 |     944     | 6.47373E+00 
 80| 32400  |     944     |     972     | 9.65360E+02 |     944     | 5.51456E+00 
 81| 32800  |     944     |     969     | 9.63710E+02 |     944     | 5.69525E+00 
 82| 33200  |     944     |     969     | 9.62060E+02 |     944     | 5.68123E+00 
 83| 33600  |     944     |     968     | 9.60327E+02 |     944     | 5.11666E+00 
 84| 34000  |     944     |     965     | 9.58742E+02 |     944     | 4.79700E+00 
 85| 34400  |     944     |     963     | 9.57283E+02 |     944     | 4.82055E+00 
 86| 34800  |     944     |     961     | 9.55220E+02 |     944     | 4.57401E+00 
 87| 35200  |     944     |     960     | 9.54067E+02 |     944     | 4.39010E+00 
 88| 35600  |     944     |     957     | 9.52602E+02 |     944     | 4.07241E+00 
 89| 36000  |     944     |     956     | 9.51790E+02 |     944     | 4.10985E+00 
 90| 36400  |     944     |     956     | 9.50643E+02 |     944     | 4.02613E+00 
 91| 36800  |     944     |     955     | 9.49388E+02 |     944     | 3.76926E+00 
 92| 37200  |     944     |     953     | 9.48597E+02 |     944     | 3.60839E+00 
 93| 37600  |     944     |     952     | 9.47442E+02 |     944     | 3.49166E+00 
 94| 38000  |     944     |     952     | 9.46403E+02 |     944     | 3.07660E+00 
 95| 38400  |     944     |     951     | 9.45303E+02 |     944     | 2.23964E+00 
 96| 38800  |     944     |     948     | 9.44452E+02 |     944     | 1.06430E+00 
 97| 39200  |     944     |     945     | 9.44033E+02 |     944     | 1.77324E-01 
 98| 39600  |     944     |     944     | 9.44000E+02 |     944     | 0.00000E+00 
 99| 40000  |     944     |     944     | 9.44000E+02 |     944     | 0.00000E+00 
100| 40400  |     944     |     944     | 9.44000E+02 |     944     | 0.00000E+00 
101| 40800  |     944     |     944     | 9.44000E+02 |     944     | 0.00000E+00 
102| 41200  |     944     |     944     | 9.44000E+02 |     944     | 0.00000E+00 
103| 41600  |     944     |     944     | 9.44000E+02 |     944     | 0.00000E+00 
104| 42000  |     939     |     944     | 9.43987E+02 |     939     | 2.49687E-01 
105| 42400  |     939     |     944     | 9.43987E+02 |     939     | 2.49687E-01 
106| 42800  |     939     |     944     | 9.43987E+02 |     939     | 2.49687E-01 
107| 43200  |     939     |     944     | 9.43982E+02 |     939     | 2.68689E-01 
108| 43600  |     939     |     944     | 9.43972E+02 |     939     | 3.02892E-01 
109| 44000  |     939     |     944     | 9.43972E+02 |     939     | 3.02892E-01 
110| 44400  |     939     |     944     | 9.43967E+02 |     939     | 3.18502E-01 
111| 44800  |     939     |     944     | 9.43967E+02 |     939     | 3.18502E-01 
112| 45200  |     939     |     944     | 9.43942E+02 |     939     | 4.73491E-01 
113| 45600  |     939     |     944     | 9.43925E+02 |     939     | 5.42563E-01 
114| 46000  |     939     |     944     | 9.43913E+02 |     939     | 5.95688E-01 
115| 46400  |     939     |     944     | 9.43883E+02 |     939     | 6.95481E-01 
116| 46800  |     939     |     944     | 9.43835E+02 |     939     | 8.04845E-01 
117| 47200  |     936     |     944     | 9.43773E+02 |     936     | 9.75061E-01 
118| 47600  |     936     |     944     | 9.43715E+02 |     936     | 1.05772E+00 
119| 48000  |     922     |     944     | 9.43597E+02 |     922     | 1.57654E+00 
120| 48400  |     922     |     944     | 9.43535E+02 |     922     | 1.62904E+00 
121| 48800  |     922     |     944     | 9.43393E+02 |     922     | 1.75027E+00 
122| 49200  |     922     |     944     | 9.43258E+02 |     922     | 1.86580E+00 
123| 49600  |     922     |     944     | 9.43030E+02 |     922     | 2.02832E+00 
124| 50000  |     922     |     944     | 9.42770E+02 |     922     | 2.13239E+00 
125| 50400  |     922     |     944     | 9.42420E+02 |     922     | 2.24245E+00 
126| 50800  |     922     |     944     | 9.41987E+02 |     922     | 2.36270E+00 
127| 51200  |     922     |     944     | 9.41375E+02 |     922     | 2.56600E+00 
128| 51600  |     922     |     944     | 9.40643E+02 |     922     | 2.38426E+00 
129| 52000  |     922     |     942     | 9.39910E+02 |     922     | 2.01789E+00 
130| 52400  |     922     |     942     | 9.39288E+02 |     922     | 1.82342E+00 
131| 52800  |     922     |     939     | 9.38607E+02 |     922     | 1.74168E+00 
132| 53200  |     922     |     939     | 9.38513E+02 |     922     | 1.85872E+00 
133| 53600  |     922     |     939     | 9.38383E+02 |     922     | 1.96881E+00 
134| 54000  |     922     |     939     | 9.38245E+02 |     922     | 2.02360E+00 
135| 54400  |     922     |     939     | 9.38038E+02 |     922     | 2.12511E+00 
136| 54800  |     922     |     939     | 9.37470E+02 |     922     | 2.49481E+00 
137| 55200  |     919     |     939     | 9.36883E+02 |     919     | 2.86770E+00 
138| 55600  |     910     |     939     | 9.36038E+02 |     910     | 3.44327E+00 
139| 56000  |     910     |     939     | 9.35335E+02 |     910     | 3.34182E+00 
140| 56400  |     910     |     938     | 9.34520E+02 |     910     | 3.44595E+00 
141| 56800  |     910     |     937     | 9.33720E+02 |     910     | 3.62651E+00 
142| 57200  |     910     |     936     | 9.33018E+02 |     910     | 3.93156E+00 
143| 57600  |     910     |     936     | 9.32278E+02 |     910     | 4.29831E+00 
144| 58000  |     910     |     934     | 9.31362E+02 |     910     | 4.78655E+00 
145| 58400  |     910     |     934     | 9.30545E+02 |     910     | 5.21133E+00 
146| 58800  |     910     |     934     | 9.29210E+02 |     910     | 5.71497E+00 
147| 59200  |     910     |     934     | 9.27638E+02 |     910     | 5.92799E+00 
148| 59600  |     910     |     933     | 9.26018E+02 |     910     | 6.00102E+00 
149| 60000  |     910     |     930     | 9.24553E+02 |     910     | 6.06607E+00 
150| 60400  |     904     |     930     | 9.22972E+02 |     904     | 5.96881E+00 
151| 60800  |     904     |     930     | 9.21090E+02 |     904     | 5.22847E+00 
152| 61200  |     904     |     927     | 9.18935E+02 |     904     | 3.67230E+00 
153| 61600  |     904     |     922     | 9.17597E+02 |     904     | 3.20710E+00 
154| 62000  |     904     |     919     | 9.16783E+02 |     904     | 3.29700E+00 
155| 62400  |     904     |     919     | 9.16207E+02 |     904     | 3.46835E+00 
156| 62800  |     904     |     919     | 9.15335E+02 |     904     | 3.58159E+00 
157| 63200  |     904     |     919     | 9.14310E+02 |     904     | 3.37178E+00 
158| 63600  |     904     |     919     | 9.12938E+02 |     904     | 2.70714E+00 
159| 64000  |     902     |     915     | 9.11982E+02 |     902     | 2.16845E+00 
160| 64400  |     895     |     914     | 9.11040E+02 |     895     | 2.05509E+00 
161| 64800  |     895     |     913     | 9.10477E+02 |     895     | 1.91036E+00 
162| 65200  |     895     |     912     | 9.09893E+02 |     895     | 1.69733E+00 
163| 65600  |     895     |     911     | 9.09635E+02 |     895     | 1.73256E+00 
164| 66000  |     895     |     910     | 9.09567E+02 |     895     | 1.90275E+00 
165| 66400  |     895     |     910     | 9.09425E+02 |     895     | 2.10580E+00 
166| 66800  |     895     |     910     | 9.09190E+02 |     895     | 2.45538E+00 
167| 67200  |     882     |     910     | 9.08727E+02 |     882     | 3.34339E+00 
168| 67600  |     882     |     910     | 9.08438E+02 |     882     | 3.63195E+00 
169| 68000  |     882     |     910     | 9.08015E+02 |     882     | 4.01681E+00 
170| 68400  |     880     |     910     | 9.07347E+02 |     880     | 4.66280E+00 
171| 68800  |     880     |     910     | 9.06740E+02 |     880     | 4.98321E+00 
172| 69200  |     880     |     910     | 9.06025E+02 |     880     | 5.12049E+00 
173| 69600  |     878     |     910     | 9.04900E+02 |     878     | 5.91692E+00 
174| 70000  |     878     |     910     | 9.03800E+02 |     878     | 6.16157E+00 
175| 70400  |     878     |     910     | 9.02337E+02 |     878     | 6.23246E+00 
176| 70800  |     878     |     910     | 9.00487E+02 |     878     | 6.35845E+00 
177| 71200  |     877     |     904     | 8.99065E+02 |     877     | 6.16934E+00 
178| 71600  |     877     |     904     | 8.97720E+02 |     877     | 6.52814E+00 
179| 72000  |     864     |     903     | 8.95925E+02 |     864     | 7.02135E+00 
180| 72400  |     864     |     902     | 8.94405E+02 |     864     | 7.00257E+00 
181| 72800  |     864     |     900     | 8.92362E+02 |     864     | 7.12223E+00 
182| 73200  |     864     |     900     | 8.90325E+02 |     864     | 7.15398E+00 
183| 73600  |     864     |     896     | 8.88100E+02 |     864     | 6.79706E+00 
184| 74000  |     864     |     895     | 8.86705E+02 |     864     | 6.53169E+00 
185| 74400  |     864     |     895     | 8.84685E+02 |     864     | 5.79619E+00 
186| 74800  |     864     |     892     | 8.82518E+02 |     864     | 3.95786E+00 
187| 75200  |     864     |     885     | 8.81143E+02 |     864     | 2.90468E+00 
188| 75600  |     864     |     882     | 8.80643E+02 |     864     | 3.18821E+00 
189| 76000  |     864     |     882     | 8.80413E+02 |     864     | 3.29277E+00 
190| 76400  |     864     |     882     | 8.79995E+02 |     864     | 3.57141E+00 
191| 76800  |     864     |     882     | 8.79347E+02 |     864     | 3.85704E+00 
192| 77200  |     864     |     882     | 8.78740E+02 |     864     | 4.13550E+00 
193| 77600  |     864     |     882     | 8.77980E+02 |     864     | 4.42545E+00 
194| 78000  |     864     |     882     | 8.76992E+02 |     864     | 4.58448E+00 
195| 78400  |     862     |     880     | 8.75740E+02 |     862     | 5.13833E+00 
196| 78800  |     862     |     880     | 8.74817E+02 |     862     | 5.32627E+00 
197| 79200  |     862     |     878     | 8.73655E+02 |     862     | 5.55211E+00 
198| 79600  |     862     |     878     | 8.72470E+02 |     862     | 5.74318E+00 
199| 80000  |     859     |     878     | 8.71005E+02 |     859     | 5.63870E+00 
200| 80400  |     859     |     878     | 8.69082E+02 |     859     | 4.97601E+00 
201| 80800  |     859     |     875     | 8.67503E+02 |     859     | 3.99061E+00 
202| 81200  |     859     |     873     | 8.65880E+02 |     859     | 2.60300E+00 
203| 81600  |     859     |     868     | 8.64857E+02 |     859     | 1.47553E+00 
204| 82000  |     859     |     867     | 8.64258E+02 |     859     | 9.38719E-01 
205| 82400  |     859     |     864     | 8.63915E+02 |     859     | 5.07715E-01 
206| 82800  |     859     |     864     | 8.63900E+02 |     859     | 5.24404E-01 
207| 83200  |     859     |     864     | 8.63852E+02 |     859     | 6.56311E-01 
208| 83600  |     859     |     864     | 8.63815E+02 |     859     | 7.18175E-01 
209| 84000  |     859     |     864     | 8.63732E+02 |     859     | 8.60781E-01 
210| 84400  |     859     |     864     | 8.63673E+02 |     859     | 9.05673E-01 
211| 84800  |     859     |     864     | 8.63555E+02 |     859     | 9.93466E-01 
212| 85200  |     859     |     864     | 8.63403E+02 |     859     | 1.07261E+00 
213| 85600  |     859     |     864     | 8.63180E+02 |     859     | 1.17158E+00 
214| 86000  |     859     |     864     | 8.62947E+02 |     859     | 1.23075E+00 
215| 86400  |     859     |     864     | 8.62692E+02 |     859     | 1.20331E+00 
216| 86800  |     859     |     864     | 8.62430E+02 |     859     | 1.13583E+00 
217| 87200  |     859     |     863     | 8.62155E+02 |     859     | 1.14060E+00 
218| 87600  |     859     |     863     | 8.61962E+02 |     859     | 1.19628E+00 
219| 88000  |     859     |     863     | 8.61663E+02 |     859     | 1.26039E+00 
220| 88400  |     859     |     862     | 8.61378E+02 |     859     | 1.21037E+00 
221| 88800  |     859     |     862     | 8.61175E+02 |     859     | 1.33018E+00 
222| 89200  |     859     |     862     | 8.60898E+02 |     859     | 1.43422E+00 
223| 89600  |     859     |     862     | 8.60610E+02 |     859     | 1.47916E+00 
224| 90000  |     859     |     862     | 8.60173E+02 |     859     | 1.43448E+00 
225| 90400  |     859     |     862     | 8.59690E+02 |     859     | 1.22634E+00 
226| 90800  |     859     |     861     | 8.59035E+02 |     859     | 2.09225E-01 
227| 91200  |     859     |     859     | 8.59000E+02 |     859     | 0.00000E+00 
228| 91600  |     859     |     859     | 8.59000E+02 |     859     | 0.00000E+00 
229| 92000  |     859     |     859     | 8.59000E+02 |     859     | 0.00000E+00 
230| 92400  |     859     |     859     | 8.59000E+02 |     859     | 0.00000E+00 
231| 92800  |     859     |     859     | 8.59000E+02 |     859     | 0.00000E+00 
232| 93200  |     859     |     859     | 8.59000E+02 |     859     | 0.00000E+00 
233| 93600  |     859     |     859     | 8.59000E+02 |     859     | 0.00000E+00 
234| 94000  |     859     |     859     | 8.59000E+02 |     859     | 0.00000E+00 
235| 94400  |     859     |     859     | 8.59000E+02 |     859     | 0.00000E+00 
236| 94800  |     859     |     859     | 8.59000E+02 |     859     | 0.00000E+00 
237| 95200  |     859     |     859     | 8.59000E+02 |     859     | 0.00000E+00 
238| 95600  |     859     |     859     | 8.59000E+02 |     859     | 0.00000E+00 
239| 96000  |     859     |     859     | 8.59000E+02 |     859     | 0.00000E+00 
240| 96400  |     859     |     859     | 8.59000E+02 |     859     | 0.00000E+00 
241| 96800  |     859     |     859     | 8.59000E+02 |     859     | 0.00000E+00 
242| 97200  |     859     |     859     | 8.59000E+02 |     859     | 0.00000E+00 
243| 97600  |     859     |     859     | 8.59000E+02 |     859     | 0.00000E+00 
244| 98000  |     859     |     859     | 8.59000E+02 |     859     | 0.00000E+00 
245| 98400  |     859     |     859     | 8.59000E+02 |     859     | 0.00000E+00 
246| 98800  |     859     |     859     | 8.59000E+02 |     859     | 0.00000E+00 
247| 99200  |     859     |     859     | 8.59000E+02 |     859     | 0.00000E+00 
248| 99600  |     859     |     859     | 8.59000E+02 |     859     | 0.00000E+00 
249| 100000 |     859     |     859     | 8.59000E+02 |     859     | 0.00000E+00 
250| 100400 |     859     |     859     | 8.59000E+02 |     859     | 0.00000E+00 
251| 100800 |     859     |     859     | 8.59000E+02 |     859     | 0.00000E+00 
252| 101200 |     859     |     859     | 8.59000E+02 |     859     | 0.00000E+00 
253| 101600 |     859     |     859     | 8.59000E+02 |     859     | 0.00000E+00 
254| 102000 |     859     |     859     | 8.59000E+02 |     859     | 0.00000E+00 
255| 102400 |     859     |     859     | 8.59000E+02 |     859     | 0.00000E+00 
256| 102800 |     859     |     859     | 8.59000E+02 |     859     | 0.00000E+00 
257| 103200 |     859     |     859     | 8.59000E+02 |     859     | 0.00000E+00 
258| 103600 |     859     |     859     | 8.59000E+02 |     859     | 0.00000E+00 
259| 104000 |     859     |     859     | 8.59000E+02 |     859     | 0.00000E+00 
260| 104400 |     859     |     859     | 8.59000E+02 |     859     | 0.00000E+00 
261| 104800 |     859     |     859     | 8.59000E+02 |     859     | 0.00000E+00 
262| 105200 |     859     |     859     | 8.59000E+02 |     859     | 0.00000E+00 
263| 105600 |     859     |     859     | 8.59000E+02 |     859     | 0.00000E+00 
264| 106000 |     858     |     859     | 8.58997E+02 |     858     | 4.99375E-02 
265| 106400 |     858     |     859     | 8.58995E+02 |     858     | 7.05337E-02 
266| 106800 |     858     |     859     | 8.58995E+02 |     858     | 7.05337E-02 
267| 107200 |     857     |     859     | 8.58987E+02 |     857     | 1.31696E-01 
268| 107600 |     857     |     859     | 8.58985E+02 |     857     | 1.40624E-01 
269| 108000 |     857     |     859     | 8.58970E+02 |     857     | 2.10000E-01 
270| 108400 |     857     |     859     | 8.58960E+02 |     857     | 2.51794E-01 
271| 108800 |     857     |     859     | 8.58945E+02 |     857     | 2.94915E-01 
272| 109200 |     857     |     859     | 8.58915E+02 |     857     | 3.64383E-01 
273| 109600 |     857     |     859     | 8.58898E+02 |     857     | 3.96224E-01 
274| 110000 |     857     |     859     | 8.58875E+02 |     857     | 4.35172E-01 
275| 110400 |     857     |     859     | 8.58837E+02 |     857     | 4.96078E-01 
276| 110800 |     857     |     859     | 8.58750E+02 |     857     | 5.97913E-01 
277| 111200 |     857     |     859     | 8.58650E+02 |     857     | 6.94622E-01 
278| 111600 |     857     |     859     | 8.58538E+02 |     857     | 7.63933E-01 
279| 112000 |     857     |     859     | 8.58378E+02 |     857     | 8.30659E-01 
280| 112400 |     857     |     859     | 8.58190E+02 |     857     | 8.65390E-01 
281| 112800 |     857     |     859     | 8.57888E+02 |     857     | 8.51378E-01 
282| 113200 |     857     |     859     | 8.57520E+02 |     857     | 6.77938E-01 
283| 113600 |     857     |     858     | 8.57242E+02 |     857     | 4.28595E-01 
284| 114000 |     857     |     857     | 8.57000E+02 |     857     | 0.00000E+00 
285| 114400 |     857     |     857     | 8.57000E+02 |     857     | 0.00000E+00 
286| 114800 |     857     |     857     | 8.57000E+02 |     857     | 0.00000E+00 
287| 115200 |     857     |     857     | 8.57000E+02 |     857     | 0.00000E+00 
288| 115600 |     857     |     857     | 8.57000E+02 |     857     | 0.00000E+00 
289| 116000 |     857     |     857     | 8.57000E+02 |     857     | 0.00000E+00 
290| 116400 |     857     |     857     | 8.57000E+02 |     857     | 0.00000E+00 
291| 116800 |     857     |     857     | 8.57000E+02 |     857     | 0.00000E+00 
292| 117200 |     857     |     857     | 8.57000E+02 |     857     | 0.00000E+00 
种群信息导出完毕。
评价次数：117200
时间已过 92.7971122264862 秒
最小的救援时间为：857
最优的救援方案为：
第1辆车的救援路线：车库→受灾点18→避难所34→受灾点20→避难所44→救援结束
第2辆车的救援路线：车库→受灾点16→避难所35→受灾点18→避难所34→救援结束
第3辆车的救援路线：车库→受灾点13→避难所42→受灾点20→避难所26→受灾点7→避难所34→救援结束
第4辆车的救援路线：车库→受灾点10→避难所28→救援结束
第5辆车的救援路线：车库→受灾点16→避难所34→受灾点16→避难所29→救援结束
第6辆车的救援路线：车库→受灾点5→避难所35→救援结束
第7辆车的救援路线：车库→受灾点13→避难所35→受灾点10→避难所34→受灾点4→避难所32→救援结束
第8辆车的救援路线：车库→受灾点7→避难所35→受灾点16→避难所35→救援结束
第9辆车的救援路线：车库→受灾点2→避难所45→救援结束
第10辆车的救援路线：车库→受灾点16→避难所41→受灾点11→避难所35→救援结束
第11辆车的救援路线：车库→受灾点5→避难所34→受灾点13→避难所34→救援结束
第12辆车的救援路线：车库→受灾点5→避难所38→受灾点14→避难所35→救援结束
第13辆车的救援路线：车库→受灾点5→避难所34→受灾点9→避难所38→受灾点15→避难所36→受灾点16→避难所34→救援结束
第14辆车的救援路线：车库→受灾点2→避难所45→受灾点16→避难所32→受灾点16→避难所34→受灾点10→避难所33→救援结束
第15辆车的救援路线：车库→受灾点2→避难所29→受灾点6→避难所41→受灾点18→避难所35→救援结束
第16辆车的救援路线：车库→受灾点8→避难所34→救援结束
第17辆车的救援路线：车库→受灾点21→避难所32→救援结束
第18辆车的救援路线：车库→受灾点18→避难所32→受灾点16→避难所45→受灾点20→避难所32→受灾点10→避难所34→救援结束
第19辆车的救援路线：车库→受灾点13→避难所43→救援结束
第20辆车的救援路线：车库→受灾点6→避难所44→受灾点6→避难所34→受灾点13→避难所34→受灾点15→避难所32→救援结束
第21辆车的救援路线：车库→受灾点13→避难所41→受灾点21→避难所42→救援结束
第22辆车的救援路线：车库→受灾点16→避难所43→受灾点18→避难所31→救援结束
第23辆车的救援路线：车库→受灾点7→避难所34→受灾点11→避难所32→受灾点10→避难所46→受灾点16→避难所32→救援结束
第24辆车的救援路线：车库→受灾点11→避难所35→救援结束
第25辆车的救援路线：车库→受灾点6→避难所42→受灾点7→避难所32→受灾点11→避难所35→救援结束
第26辆车的救援路线：车库→受灾点13→避难所34→救援结束
第27辆车的救援路线：车库→受灾点15→避难所34→受灾点6→避难所34→受灾点13→避难所42→受灾点13→避难所40→救援结束
第28辆车的救援路线：车库→受灾点1→避难所34→救援结束
第29辆车的救援路线：车库→受灾点5→避难所34→受灾点2→避难所34→受灾点5→避难所30→受灾点21→避难所34→受灾点11→避难所41→救援结束
第30辆车的救援路线：车库→受灾点11→避难所42→救援结束
第31辆车的救援路线：车库→受灾点8→避难所27→受灾点20→避难所42→受灾点16→避难所35→救援结束
第32辆车的救援路线：车库→受灾点6→避难所34→受灾点16→避难所34→救援结束
第33辆车的救援路线：车库→受灾点16→避难所34→受灾点16→避难所38→受灾点13→避难所34→救援结束
第34辆车的救援路线：车库→受灾点11→避难所34→受灾点19→避难所34→受灾点16→避难所45→救援结束
第35辆车的救援路线：车库→受灾点11→避难所34→受灾点5→避难所41→受灾点19→避难所26→受灾点13→避难所34→救援结束
第36辆车的救援路线：车库→受灾点14→避难所45→受灾点13→避难所30→受灾点2→避难所26→受灾点16→避难所34→受灾点10→避难所34→救援结束
第37辆车的救援路线：车库→受灾点18→避难所34→受灾点21→避难所45→受灾点16→避难所45→受灾点18→避难所39→受灾点10→避难所45→救援结束
第38辆车的救援路线：车库→受灾点18→避难所34→受灾点16→避难所32→救援结束
第39辆车的救援路线：车库→受灾点5→避难所34→受灾点13→避难所41→受灾点17→避难所27→受灾点22→避难所42→救援结束
第40辆车的救援路线：车库→受灾点11→避难所34→受灾点16→避难所34→受灾点13→避难所36→受灾点2→避难所35→救援结束
第41辆车的救援路线：车库→受灾点11→避难所32→受灾点3→避难所38→受灾点5→避难所34→受灾点5→避难所32→受灾点13→避难所35→救援结束
第42辆车的救援路线：车库→受灾点16→避难所34→受灾点16→避难所34→受灾点11→避难所34→救援结束
第43辆车的救援路线：车库→受灾点3→避难所34→受灾点22→避难所32→受灾点18→避难所42→受灾点13→避难所34→救援结束
第44辆车的救援路线：车库→受灾点1→避难所27→受灾点10→避难所32→受灾点7→避难所45→受灾点14→避难所32→受灾点10→避难所32→救援结束
第45辆车的救援路线：车库→受灾点16→避难所34→受灾点16→避难所32→受灾点16→避难所34→救援结束
第46辆车的救援路线：车库→受灾点5→避难所26→受灾点16→避难所34→受灾点11→避难所34→受灾点21→避难所34→救援结束
第47辆车的救援路线：车库→受灾点5→避难所32→受灾点12→避难所32→受灾点18→避难所41→受灾点14→避难所41→救援结束
第48辆车的救援路线：车库→受灾点16→避难所32→受灾点13→避难所41→受灾点11→避难所28→救援结束
第49辆车的救援路线：车库→受灾点7→避难所29→救援结束
第50辆车的救援路线：车库→受灾点1→避难所32→受灾点5→避难所38→受灾点11→避难所45→受灾点7→避难所27→受灾点18→避难所34→受灾点7→避难所34→救援结束
