==================================================================================
gen|  eval  |    f_opt    |    f_max    |    f_avg    |    f_min    |    f_std    
----------------------------------------------------------------------------------
 0 |  400   |     1506    |     6390    | 2.55588E+03 |     1506    | 6.35680E+02 
 1 |  800   |     1434    |     2356    | 2.02252E+03 |     1434    | 2.14490E+02 
 2 |  1200  |     1434    |     2059    | 1.84827E+03 |     1434    | 1.47890E+02 
 3 |  1600  |     1283    |     1912    | 1.74709E+03 |     1283    | 1.21324E+02 
 4 |  2000  |     1283    |     1798    | 1.66112E+03 |     1283    | 9.38103E+01 
 5 |  2400  |     1283    |     1728    | 1.61478E+03 |     1283    | 8.33563E+01 
 6 |  2800  |     1283    |     1673    | 1.57348E+03 |     1283    | 7.46806E+01 
 7 |  3200  |     1283    |     1628    | 1.53555E+03 |     1283    | 6.72684E+01 
 8 |  3600  |     1234    |     1592    | 1.50672E+03 |     1234    | 6.55819E+01 
 9 |  4000  |     1225    |     1558    | 1.47448E+03 |     1225    | 6.46414E+01 
 10|  4400  |     1225    |     1521    | 1.44242E+03 |     1225    | 6.06255E+01 
 11|  4800  |     1203    |     1484    | 1.41453E+03 |     1203    | 5.55417E+01 
 12|  5200  |     1203    |     1457    | 1.38730E+03 |     1203    | 4.93076E+01 
 13|  5600  |     1200    |     1425    | 1.36574E+03 |     1200    | 4.45078E+01 
 14|  6000  |     1200    |     1402    | 1.34740E+03 |     1200    | 4.36710E+01 
 15|  6400  |     1191    |     1383    | 1.32712E+03 |     1191    | 4.07440E+01 
 16|  6800  |     1191    |     1360    | 1.31123E+03 |     1191    | 3.77675E+01 
 17|  7200  |     1147    |     1340    | 1.29507E+03 |     1147    | 3.69622E+01 
 18|  7600  |     1143    |     1326    | 1.28289E+03 |     1143    | 3.61899E+01 
 19|  8000  |     1132    |     1312    | 1.26817E+03 |     1132    | 3.55569E+01 
 20|  8400  |     1125    |     1300    | 1.25577E+03 |     1125    | 3.54260E+01 
 21|  8800  |     1104    |     1288    | 1.24133E+03 |     1104    | 3.49276E+01 
 22|  9200  |     1104    |     1272    | 1.22784E+03 |     1104    | 3.40058E+01 
 23|  9600  |     1104    |     1256    | 1.21264E+03 |     1104    | 3.28637E+01 
 24| 10000  |     1071    |     1237    | 1.19615E+03 |     1071    | 3.29091E+01 
 25| 10400  |     1071    |     1220    | 1.17863E+03 |     1071    | 3.19251E+01 
 26| 10800  |     1044    |     1201    | 1.16272E+03 |     1044    | 2.94378E+01 
 27| 11200  |     1044    |     1185    | 1.14915E+03 |     1044    | 2.75843E+01 
 28| 11600  |     1044    |     1169    | 1.13695E+03 |     1044    | 2.41443E+01 
 29| 12000  |     1044    |     1155    | 1.12686E+03 |     1044    | 2.06536E+01 
 30| 12400  |     1044    |     1144    | 1.11827E+03 |     1044    | 1.83283E+01 
 31| 12800  |     1003    |     1133    | 1.10919E+03 |     1003    | 1.88685E+01 
 32| 13200  |     1003    |     1125    | 1.10177E+03 |     1003    | 1.96091E+01 
 33| 13600  |     1003    |     1117    | 1.09476E+03 |     1003    | 1.91654E+01 
 34| 14000  |     1003    |     1111    | 1.08858E+03 |     1003    | 1.85000E+01 
 35| 14400  |     1003    |     1104    | 1.08156E+03 |     1003    | 1.91092E+01 
 36| 14800  |     994     |     1097    | 1.07461E+03 |     994     | 2.00918E+01 
 37| 15200  |     994     |     1091    | 1.06651E+03 |     994     | 2.00522E+01 
 38| 15600  |     994     |     1083    | 1.05895E+03 |     994     | 2.01556E+01 
 39| 16000  |     994     |     1074    | 1.05327E+03 |     994     | 1.84789E+01 
 40| 16400  |     994     |     1069    | 1.04789E+03 |     994     | 1.75329E+01 
 41| 16800  |     994     |     1062    | 1.04194E+03 |     994     | 1.64652E+01 
 42| 17200  |     993     |     1055    | 1.03708E+03 |     993     | 1.63305E+01 
 43| 17600  |     986     |     1053    | 1.03098E+03 |     986     | 1.58645E+01 
 44| 18000  |     986     |     1045    | 1.02467E+03 |     986     | 1.41680E+01 
 45| 18400  |     986     |     1037    | 1.01941E+03 |     986     | 1.25015E+01 
 46| 18800  |     986     |     1031    | 1.01497E+03 |     986     | 1.14223E+01 
 47| 19200  |     986     |     1026    | 1.00959E+03 |     986     | 8.80158E+00 
 48| 19600  |     971     |     1017    | 1.00505E+03 |     971     | 6.00456E+00 
 49| 20000  |     971     |     1009    | 1.00215E+03 |     971     | 4.63438E+00 
 50| 20400  |     971     |     1003    | 1.00113E+03 |     971     | 4.85142E+00 
 51| 20800  |     971     |     1003    | 1.00069E+03 |     971     | 5.17677E+00 
 52| 21200  |     971     |     1003    | 9.99933E+02 |     971     | 5.69148E+00 
 53| 21600  |     971     |     1003    | 9.98380E+02 |     971     | 6.76429E+00 
 54| 22000  |     967     |     1003    | 9.96697E+02 |     967     | 7.33321E+00 
 55| 22400  |     961     |     1003    | 9.93835E+02 |     961     | 7.62973E+00 
 56| 22800  |     961     |     1002    | 9.91680E+02 |     961     | 7.28063E+00 
 57| 23200  |     961     |     998     | 9.89805E+02 |     961     | 7.06130E+00 
 58| 23600  |     961     |     995     | 9.88128E+02 |     961     | 7.41797E+00 
 59| 24000  |     944     |     995     | 9.86390E+02 |     944     | 8.04537E+00 
 60| 24400  |     944     |     993     | 9.84337E+02 |     944     | 7.92519E+00 
 61| 24800  |     944     |     993     | 9.81957E+02 |     944     | 7.44249E+00 
 62| 25200  |     944     |     991     | 9.80190E+02 |     944     | 6.85083E+00 
 63| 25600  |     944     |     986     | 9.78210E+02 |     944     | 6.42619E+00 
 64| 26000  |     944     |     983     | 9.76648E+02 |     944     | 6.27720E+00 
 65| 26400  |     944     |     981     | 9.75015E+02 |     944     | 6.75350E+00 
 66| 26800  |     944     |     980     | 9.73170E+02 |     944     | 7.41425E+00 
 67| 27200  |     944     |     979     | 9.71755E+02 |     944     | 7.82400E+00 
 68| 27600  |     944     |     979     | 9.70242E+02 |     944     | 7.56463E+00 
 69| 28000  |     944     |     979     | 9.68490E+02 |     944     | 7.15261E+00 
 70| 28400  |     944     |     973     | 9.66183E+02 |     944     | 6.82343E+00 
 71| 28800  |     944     |     971     | 9.64508E+02 |     944     | 6.95593E+00 
 72| 29200  |     944     |     971     | 9.63035E+02 |     944     | 6.91330E+00 
 73| 29600  |     944     |     971     | 9.60930E+02 |     944     | 6.38789E+00 
 74| 30000  |     944     |     969     | 9.58720E+02 |     944     | 5.42232E+00 
 75| 30400  |     944     |     967     | 9.57435E+02 |     944     | 4.88321E+00 
 76| 30800  |     944     |     963     | 9.55650E+02 |     944     | 4.03144E+00 
 77| 31200  |     944     |     961     | 9.54232E+02 |     944     | 3.30506E+00 
 78| 31600  |     944     |     957     | 9.53485E+02 |     944     | 3.09996E+00 
 79| 32000  |     918     |     955     | 9.52645E+02 |     918     | 4.15078E+00 
 80| 32400  |     918     |     955     | 9.52135E+02 |     918     | 4.58277E+00 
 81| 32800  |     918     |     955     | 9.51602E+02 |     918     | 4.69835E+00 
 82| 33200  |     918     |     955     | 9.50592E+02 |     918     | 4.97709E+00 
 83| 33600  |     918     |     954     | 9.49548E+02 |     918     | 5.56487E+00 
 84| 34000  |     918     |     954     | 9.47935E+02 |     918     | 6.54643E+00 
 85| 34400  |     918     |     953     | 9.46595E+02 |     918     | 6.61029E+00 
 86| 34800  |     918     |     952     | 9.45460E+02 |     918     | 6.50488E+00 
 87| 35200  |     918     |     952     | 9.44350E+02 |     918     | 6.61457E+00 
 88| 35600  |     918     |     947     | 9.43030E+02 |     918     | 6.67900E+00 
 89| 36000  |     909     |     947     | 9.41580E+02 |     909     | 7.67747E+00 
 90| 36400  |     909     |     946     | 9.39957E+02 |     909     | 8.57908E+00 
 91| 36800  |     903     |     945     | 9.38582E+02 |     903     | 9.29937E+00 
 92| 37200  |     903     |     944     | 9.36365E+02 |     903     | 1.01164E+01 
 93| 37600  |     903     |     944     | 9.34045E+02 |     903     | 1.03220E+01 
 94| 38000  |     903     |     944     | 9.30253E+02 |     903     | 1.01815E+01 
 95| 38400  |     903     |     941     | 9.27050E+02 |     903     | 9.12264E+00 
 96| 38800  |     903     |     936     | 9.23060E+02 |     903     | 7.73475E+00 
 97| 39200  |     903     |     929     | 9.20192E+02 |     903     | 6.59852E+00 
 98| 39600  |     903     |     929     | 9.17528E+02 |     903     | 5.42856E+00 
 99| 40000  |     903     |     922     | 9.15490E+02 |     903     | 4.44971E+00 
100| 40400  |     903     |     918     | 9.14220E+02 |     903     | 4.49518E+00 
101| 40800  |     903     |     918     | 9.13305E+02 |     903     | 4.50466E+00 
102| 41200  |     903     |     918     | 9.12053E+02 |     903     | 4.26963E+00 
103| 41600  |     903     |     918     | 9.10550E+02 |     903     | 3.49607E+00 
104| 42000  |     903     |     914     | 9.09115E+02 |     903     | 1.86193E+00 
105| 42400  |     903     |     909     | 9.08480E+02 |     903     | 1.64152E+00 
106| 42800  |     903     |     909     | 9.08275E+02 |     903     | 1.89456E+00 
107| 43200  |     903     |     909     | 9.07952E+02 |     903     | 2.20233E+00 
108| 43600  |     903     |     909     | 9.07727E+02 |     903     | 2.36183E+00 
109| 44000  |     903     |     909     | 9.07342E+02 |     903     | 2.57686E+00 
110| 44400  |     903     |     909     | 9.06803E+02 |     903     | 2.77822E+00 
111| 44800  |     903     |     909     | 9.06207E+02 |     903     | 2.86434E+00 
112| 45200  |     903     |     909     | 9.05580E+02 |     903     | 2.79707E+00 
113| 45600  |     903     |     909     | 9.04845E+02 |     903     | 2.54283E+00 
114| 46000  |     903     |     909     | 9.03727E+02 |     903     | 1.53403E+00 
115| 46400  |     893     |     906     | 9.03133E+02 |     893     | 7.58250E-01 
116| 46800  |     893     |     903     | 9.02925E+02 |     893     | 8.62772E-01 
117| 47200  |     893     |     903     | 9.02925E+02 |     893     | 8.62772E-01 
118| 47600  |     893     |     903     | 9.02900E+02 |     893     | 9.94987E-01 
119| 48000  |     893     |     903     | 9.02850E+02 |     893     | 1.21552E+00 
120| 48400  |     893     |     903     | 9.02850E+02 |     893     | 1.21552E+00 
121| 48800  |     893     |     903     | 9.02800E+02 |     893     | 1.40000E+00 
122| 49200  |     893     |     903     | 9.02740E+02 |     893     | 1.57239E+00 
123| 49600  |     893     |     903     | 9.02715E+02 |     893     | 1.64584E+00 
124| 50000  |     893     |     903     | 9.02615E+02 |     893     | 1.90834E+00 
125| 50400  |     893     |     903     | 9.02605E+02 |     893     | 1.91676E+00 
126| 50800  |     893     |     903     | 9.02335E+02 |     893     | 2.44290E+00 
127| 51200  |     893     |     903     | 9.02065E+02 |     893     | 2.80905E+00 
128| 51600  |     893     |     903     | 9.01940E+02 |     893     | 2.98185E+00 
129| 52000  |     893     |     903     | 9.01770E+02 |     893     | 3.13721E+00 
130| 52400  |     893     |     903     | 9.01242E+02 |     893     | 3.64811E+00 
131| 52800  |     893     |     903     | 9.00697E+02 |     893     | 4.00262E+00 
132| 53200  |     893     |     903     | 8.99815E+02 |     893     | 4.40009E+00 
133| 53600  |     893     |     903     | 8.99000E+02 |     893     | 4.60869E+00 
134| 54000  |     893     |     903     | 8.98085E+02 |     893     | 4.64573E+00 
135| 54400  |     893     |     903     | 8.96513E+02 |     893     | 4.35027E+00 
136| 54800  |     893     |     903     | 8.94587E+02 |     893     | 2.93212E+00 
137| 55200  |     893     |     897     | 8.93195E+02 |     893     | 8.07450E-01 
138| 55600  |     893     |     893     | 8.93000E+02 |     893     | 0.00000E+00 
139| 56000  |     893     |     893     | 8.93000E+02 |     893     | 0.00000E+00 
140| 56400  |     893     |     893     | 8.93000E+02 |     893     | 0.00000E+00 
141| 56800  |     893     |     893     | 8.93000E+02 |     893     | 0.00000E+00 
142| 57200  |     893     |     893     | 8.93000E+02 |     893     | 0.00000E+00 
143| 57600  |     893     |     893     | 8.93000E+02 |     893     | 0.00000E+00 
144| 58000  |     893     |     893     | 8.93000E+02 |     893     | 0.00000E+00 
145| 58400  |     893     |     893     | 8.93000E+02 |     893     | 0.00000E+00 
146| 58800  |     889     |     893     | 8.92990E+02 |     889     | 1.99750E-01 
147| 59200  |     889     |     893     | 8.92980E+02 |     889     | 2.82135E-01 
148| 59600  |     889     |     893     | 8.92970E+02 |     889     | 3.45109E-01 
149| 60000  |     889     |     893     | 8.92967E+02 |     889     | 3.48488E-01 
150| 60400  |     889     |     893     | 8.92955E+02 |     889     | 4.03702E-01 
151| 60800  |     889     |     893     | 8.92910E+02 |     889     | 5.67362E-01 
152| 61200  |     889     |     893     | 8.92878E+02 |     889     | 6.61433E-01 
153| 61600  |     889     |     893     | 8.92840E+02 |     889     | 7.44580E-01 
154| 62000  |     889     |     893     | 8.92790E+02 |     889     | 8.57846E-01 
155| 62400  |     889     |     893     | 8.92747E+02 |     889     | 9.37413E-01 
156| 62800  |     889     |     893     | 8.92635E+02 |     889     | 1.11883E+00 
157| 63200  |     889     |     893     | 8.92450E+02 |     889     | 1.33884E+00 
158| 63600  |     889     |     893     | 8.92210E+02 |     889     | 1.55913E+00 
159| 64000  |     889     |     893     | 8.91980E+02 |     889     | 1.70429E+00 
160| 64400  |     889     |     893     | 8.91550E+02 |     889     | 1.86748E+00 
161| 64800  |     889     |     893     | 8.91035E+02 |     889     | 1.92712E+00 
162| 65200  |     887     |     893     | 8.90393E+02 |     887     | 1.81203E+00 
163| 65600  |     887     |     893     | 8.89457E+02 |     887     | 1.12392E+00 
164| 66000  |     887     |     889     | 8.88990E+02 |     887     | 1.41067E-01 
165| 66400  |     887     |     889     | 8.88990E+02 |     887     | 1.41067E-01 
166| 66800  |     887     |     889     | 8.88990E+02 |     887     | 1.41067E-01 
167| 67200  |     887     |     889     | 8.88980E+02 |     887     | 1.98997E-01 
168| 67600  |     887     |     889     | 8.88975E+02 |     887     | 2.22205E-01 
169| 68000  |     866     |     889     | 8.88913E+02 |     866     | 1.17254E+00 
170| 68400  |     866     |     889     | 8.88883E+02 |     866     | 1.19528E+00 
171| 68800  |     866     |     889     | 8.88847E+02 |     866     | 1.26856E+00 
172| 69200  |     866     |     889     | 8.88768E+02 |     866     | 1.46916E+00 
173| 69600  |     866     |     889     | 8.88747E+02 |     866     | 1.47944E+00 
174| 70000  |     866     |     889     | 8.88650E+02 |     866     | 1.59138E+00 
175| 70400  |     866     |     889     | 8.88567E+02 |     866     | 1.62186E+00 
176| 70800  |     866     |     889     | 8.88273E+02 |     866     | 2.41210E+00 
177| 71200  |     866     |     889     | 8.87992E+02 |     866     | 2.75453E+00 
178| 71600  |     866     |     889     | 8.87487E+02 |     866     | 3.33314E+00 
179| 72000  |     866     |     889     | 8.87075E+02 |     866     | 3.61585E+00 
180| 72400  |     866     |     889     | 8.86503E+02 |     866     | 3.90064E+00 
181| 72800  |     866     |     889     | 8.85957E+02 |     866     | 4.07685E+00 
182| 73200  |     866     |     888     | 8.85005E+02 |     866     | 4.37892E+00 
183| 73600  |     866     |     887     | 8.84477E+02 |     866     | 4.72647E+00 
184| 74000  |     866     |     887     | 8.83600E+02 |     866     | 5.21344E+00 
185| 74400  |     864     |     887     | 8.82553E+02 |     864     | 5.68614E+00 
186| 74800  |     864     |     887     | 8.81497E+02 |     864     | 5.76021E+00 
187| 75200  |     864     |     887     | 8.79842E+02 |     864     | 5.75219E+00 
188| 75600  |     863     |     887     | 8.78288E+02 |     863     | 5.48269E+00 
189| 76000  |     863     |     882     | 8.76605E+02 |     863     | 5.27532E+00 
190| 76400  |     863     |     881     | 8.75475E+02 |     863     | 5.39067E+00 
191| 76800  |     863     |     881     | 8.73997E+02 |     863     | 5.36074E+00 
192| 77200  |     863     |     879     | 8.72817E+02 |     863     | 5.22343E+00 
193| 77600  |     863     |     879     | 8.71232E+02 |     863     | 4.91512E+00 
194| 78000  |     863     |     878     | 8.70133E+02 |     863     | 4.47157E+00 
195| 78400  |     863     |     875     | 8.68550E+02 |     863     | 3.54295E+00 
196| 78800  |     863     |     872     | 8.67265E+02 |     863     | 2.49094E+00 
197| 79200  |     863     |     871     | 8.66405E+02 |     863     | 1.68255E+00 
198| 79600  |     863     |     869     | 8.65745E+02 |     863     | 9.94975E-01 
199| 80000  |     863     |     866     | 8.65585E+02 |     863     | 8.64740E-01 
200| 80400  |     863     |     866     | 8.65447E+02 |     863     | 9.80940E-01 
201| 80800  |     863     |     866     | 8.65342E+02 |     863     | 1.04652E+00 
202| 81200  |     863     |     866     | 8.65230E+02 |     863     | 1.08954E+00 
203| 81600  |     863     |     866     | 8.65090E+02 |     863     | 1.13442E+00 
204| 82000  |     863     |     866     | 8.64915E+02 |     863     | 1.15229E+00 
205| 82400  |     863     |     866     | 8.64660E+02 |     863     | 1.16379E+00 
206| 82800  |     863     |     866     | 8.64393E+02 |     863     | 1.12180E+00 
207| 83200  |     863     |     866     | 8.64122E+02 |     863     | 1.01365E+00 
208| 83600  |     863     |     865     | 8.63827E+02 |     863     | 8.01713E-01 
209| 84000  |     863     |     865     | 8.63628E+02 |     863     | 7.09749E-01 
210| 84400  |     860     |     864     | 8.63360E+02 |     860     | 5.10294E-01 
211| 84800  |     860     |     864     | 8.63222E+02 |     860     | 4.50548E-01 
212| 85200  |     860     |     864     | 8.63058E+02 |     860     | 2.90162E-01 
213| 85600  |     860     |     863     | 8.62992E+02 |     860     | 1.49812E-01 
214| 86000  |     860     |     863     | 8.62990E+02 |     860     | 1.57797E-01 
215| 86400  |     860     |     863     | 8.62987E+02 |     860     | 1.65359E-01 
216| 86800  |     860     |     863     | 8.62987E+02 |     860     | 1.65359E-01 
217| 87200  |     860     |     863     | 8.62977E+02 |     860     | 2.28021E-01 
218| 87600  |     860     |     863     | 8.62962E+02 |     860     | 3.09990E-01 
219| 88000  |     860     |     863     | 8.62962E+02 |     860     | 3.09990E-01 
220| 88400  |     860     |     863     | 8.62942E+02 |     860     | 3.79729E-01 
221| 88800  |     860     |     863     | 8.62928E+02 |     860     | 4.32717E-01 
222| 89200  |     860     |     863     | 8.62883E+02 |     860     | 5.60084E-01 
223| 89600  |     860     |     863     | 8.62842E+02 |     860     | 6.46292E-01 
224| 90000  |     860     |     863     | 8.62805E+02 |     860     | 7.08502E-01 
225| 90400  |     860     |     863     | 8.62770E+02 |     860     | 7.62955E-01 
226| 90800  |     860     |     863     | 8.62717E+02 |     860     | 8.35281E-01 
227| 91200  |     857     |     863     | 8.62580E+02 |     857     | 1.01912E+00 
228| 91600  |     857     |     863     | 8.62452E+02 |     857     | 1.12594E+00 
229| 92000  |     857     |     863     | 8.62347E+02 |     857     | 1.21315E+00 
230| 92400  |     857     |     863     | 8.62190E+02 |     857     | 1.31488E+00 
231| 92800  |     857     |     863     | 8.61918E+02 |     857     | 1.44938E+00 
232| 93200  |     856     |     863     | 8.61565E+02 |     856     | 1.52341E+00 
233| 93600  |     856     |     863     | 8.61192E+02 |     856     | 1.53312E+00 
234| 94000  |     856     |     863     | 8.60683E+02 |     856     | 1.39524E+00 
235| 94400  |     856     |     862     | 8.60192E+02 |     856     | 1.05615E+00 
236| 94800  |     856     |     860     | 8.59785E+02 |     856     | 6.77329E-01 
237| 95200  |     856     |     860     | 8.59670E+02 |     856     | 8.78123E-01 
238| 95600  |     856     |     860     | 8.59562E+02 |     856     | 1.00304E+00 
239| 96000  |     856     |     860     | 8.59455E+02 |     856     | 1.10135E+00 
240| 96400  |     856     |     860     | 8.59303E+02 |     856     | 1.21078E+00 
241| 96800  |     856     |     860     | 8.59105E+02 |     856     | 1.30345E+00 
242| 97200  |     856     |     860     | 8.58942E+02 |     856     | 1.36352E+00 
243| 97600  |     856     |     860     | 8.58650E+02 |     856     | 1.45000E+00 
244| 98000  |     856     |     860     | 8.58347E+02 |     856     | 1.49055E+00 
245| 98400  |     856     |     860     | 8.58062E+02 |     856     | 1.46068E+00 
246| 98800  |     856     |     859     | 8.57685E+02 |     856     | 1.38592E+00 
247| 99200  |     856     |     859     | 8.57295E+02 |     856     | 1.37039E+00 
248| 99600  |     856     |     859     | 8.56803E+02 |     856     | 1.18258E+00 
249| 100000 |     856     |     858     | 8.56270E+02 |     856     | 5.80603E-01 
250| 100400 |     856     |     856     | 8.56000E+02 |     856     | 0.00000E+00 
251| 100800 |     856     |     856     | 8.56000E+02 |     856     | 0.00000E+00 
252| 101200 |     856     |     856     | 8.56000E+02 |     856     | 0.00000E+00 
253| 101600 |     856     |     856     | 8.56000E+02 |     856     | 0.00000E+00 
254| 102000 |     856     |     856     | 8.56000E+02 |     856     | 0.00000E+00 
255| 102400 |     856     |     856     | 8.56000E+02 |     856     | 0.00000E+00 
256| 102800 |     856     |     856     | 8.56000E+02 |     856     | 0.00000E+00 
257| 103200 |     856     |     856     | 8.56000E+02 |     856     | 0.00000E+00 
258| 103600 |     856     |     856     | 8.56000E+02 |     856     | 0.00000E+00 
259| 104000 |     856     |     856     | 8.56000E+02 |     856     | 0.00000E+00 
260| 104400 |     856     |     856     | 8.56000E+02 |     856     | 0.00000E+00 
261| 104800 |     856     |     856     | 8.56000E+02 |     856     | 0.00000E+00 
262| 105200 |     856     |     856     | 8.56000E+02 |     856     | 0.00000E+00 
263| 105600 |     856     |     856     | 8.56000E+02 |     856     | 0.00000E+00 
264| 106000 |     856     |     856     | 8.56000E+02 |     856     | 0.00000E+00 
265| 106400 |     856     |     856     | 8.56000E+02 |     856     | 0.00000E+00 
266| 106800 |     856     |     856     | 8.56000E+02 |     856     | 0.00000E+00 
267| 107200 |     856     |     856     | 8.56000E+02 |     856     | 0.00000E+00 
268| 107600 |     856     |     856     | 8.56000E+02 |     856     | 0.00000E+00 
269| 108000 |     856     |     856     | 8.56000E+02 |     856     | 0.00000E+00 
270| 108400 |     856     |     856     | 8.56000E+02 |     856     | 0.00000E+00 
271| 108800 |     856     |     856     | 8.56000E+02 |     856     | 0.00000E+00 
272| 109200 |     856     |     856     | 8.56000E+02 |     856     | 0.00000E+00 
273| 109600 |     856     |     856     | 8.56000E+02 |     856     | 0.00000E+00 
274| 110000 |     856     |     856     | 8.56000E+02 |     856     | 0.00000E+00 
275| 110400 |     856     |     856     | 8.56000E+02 |     856     | 0.00000E+00 
276| 110800 |     856     |     856     | 8.56000E+02 |     856     | 0.00000E+00 
277| 111200 |     856     |     856     | 8.56000E+02 |     856     | 0.00000E+00 
278| 111600 |     856     |     856     | 8.56000E+02 |     856     | 0.00000E+00 
279| 112000 |     856     |     856     | 8.56000E+02 |     856     | 0.00000E+00 
280| 112400 |     856     |     856     | 8.56000E+02 |     856     | 0.00000E+00 
281| 112800 |     856     |     856     | 8.56000E+02 |     856     | 0.00000E+00 
282| 113200 |     856     |     856     | 8.56000E+02 |     856     | 0.00000E+00 
283| 113600 |     856     |     856     | 8.56000E+02 |     856     | 0.00000E+00 
284| 114000 |     856     |     856     | 8.56000E+02 |     856     | 0.00000E+00 
种群信息导出完毕。
评价次数：114000
时间已过 88.95418739318848 秒
最小的救援时间为：856
最优的救援方案为：
第1辆车的救援路线：车库→受灾点2→避难所46→受灾点10→避难所30→受灾点14→避难所34→受灾点4→避难所37→受灾点13→避难所34→救援结束
第2辆车的救援路线：车库→受灾点16→避难所34→救援结束
第3辆车的救援路线：车库→受灾点21→避难所42→受灾点16→避难所32→救援结束
第4辆车的救援路线：车库→受灾点15→避难所34→受灾点18→避难所34→受灾点19→避难所34→受灾点16→避难所32→救援结束
第5辆车的救援路线：车库→受灾点16→避难所23→救援结束
第6辆车的救援路线：车库→受灾点13→避难所32→受灾点13→避难所34→受灾点16→避难所34→受灾点7→避难所34→救援结束
第7辆车的救援路线：车库→受灾点21→避难所32→受灾点2→避难所32→受灾点5→避难所34→受灾点16→避难所45→受灾点5→避难所26→救援结束
第8辆车的救援路线：车库→受灾点10→避难所34→受灾点20→避难所41→救援结束
第9辆车的救援路线：车库→受灾点21→避难所34→受灾点18→避难所42→受灾点13→避难所26→救援结束
第10辆车的救援路线：车库→受灾点21→避难所34→受灾点13→避难所40→受灾点11→避难所34→受灾点6→避难所35→救援结束
第11辆车的救援路线：车库→受灾点16→避难所34→受灾点11→避难所35→救援结束
第12辆车的救援路线：车库→受灾点5→避难所34→受灾点5→避难所45→受灾点2→避难所30→受灾点6→避难所30→受灾点13→避难所28→救援结束
第13辆车的救援路线：车库→受灾点16→避难所41→受灾点11→避难所34→受灾点11→避难所34→救援结束
第14辆车的救援路线：车库→受灾点6→避难所34→受灾点16→避难所30→受灾点6→避难所26→受灾点13→避难所34→受灾点6→避难所42→救援结束
第15辆车的救援路线：车库→受灾点16→避难所34→救援结束
第16辆车的救援路线：车库→受灾点20→避难所23→救援结束
第17辆车的救援路线：车库→受灾点3→避难所38→受灾点13→避难所35→受灾点11→避难所34→受灾点10→避难所34→救援结束
第18辆车的救援路线：车库→受灾点18→避难所45→受灾点10→避难所40→受灾点1→避难所45→受灾点16→避难所35→救援结束
第19辆车的救援路线：车库→受灾点13→避难所28→受灾点16→避难所35→救援结束
第20辆车的救援路线：车库→受灾点13→避难所42→受灾点16→避难所34→受灾点13→避难所45→救援结束
第21辆车的救援路线：车库→受灾点10→避难所34→救援结束
第22辆车的救援路线：车库→受灾点2→避难所26→受灾点11→避难所45→受灾点14→避难所42→救援结束
第23辆车的救援路线：车库→受灾点16→避难所45→受灾点16→避难所41→救援结束
第24辆车的救援路线：车库→受灾点16→避难所34→救援结束
第25辆车的救援路线：车库→受灾点7→避难所34→受灾点11→避难所41→受灾点11→避难所34→救援结束
第26辆车的救援路线：车库→受灾点18→避难所32→受灾点7→避难所42→受灾点5→避难所32→受灾点16→避难所34→救援结束
第27辆车的救援路线：车库→受灾点8→避难所40→救援结束
第28辆车的救援路线：车库→受灾点18→避难所34→受灾点16→避难所34→救援结束
第29辆车的救援路线：车库→受灾点5→避难所26→受灾点5→避难所31→受灾点10→避难所32→受灾点20→避难所34→救援结束
第30辆车的救援路线：车库→受灾点13→避难所30→受灾点3→避难所32→受灾点20→避难所31→受灾点7→避难所32→救援结束
第31辆车的救援路线：车库→受灾点5→避难所45→受灾点1→避难所30→受灾点19→避难所41→受灾点13→避难所40→救援结束
第32辆车的救援路线：车库→受灾点16→避难所38→救援结束
第33辆车的救援路线：车库→受灾点13→避难所27→受灾点5→避难所34→受灾点15→避难所42→受灾点13→避难所35→救援结束
第34辆车的救援路线：车库→受灾点13→避难所33→受灾点7→避难所34→受灾点17→避难所32→受灾点5→避难所34→救援结束
第35辆车的救援路线：车库→受灾点18→避难所32→受灾点16→避难所34→受灾点16→避难所29→救援结束
第36辆车的救援路线：车库→受灾点16→避难所34→救援结束
第37辆车的救援路线：车库→受灾点7→避难所34→受灾点14→避难所34→受灾点5→避难所32→受灾点1→避难所30→受灾点5→避难所32→救援结束
第38辆车的救援路线：车库→受灾点10→避难所34→救援结束
第39辆车的救援路线：车库→受灾点11→避难所26→受灾点16→避难所40→受灾点15→避难所35→救援结束
第40辆车的救援路线：车库→受灾点11→避难所38→救援结束
第41辆车的救援路线：车库→受灾点14→避难所35→受灾点10→避难所44→受灾点9→避难所44→救援结束
第42辆车的救援路线：车库→受灾点22→避难所41→受灾点13→避难所31→受灾点11→避难所32→救援结束
第43辆车的救援路线：车库→受灾点12→避难所34→受灾点11→避难所33→受灾点7→避难所34→受灾点22→避难所34→救援结束
第44辆车的救援路线：车库→受灾点2→避难所35→受灾点18→避难所34→受灾点7→避难所38→受灾点18→避难所32→救援结束
第45辆车的救援路线：车库→受灾点16→避难所29→救援结束
第46辆车的救援路线：车库→受灾点11→避难所34→受灾点10→避难所35→受灾点5→避难所34→救援结束
第47辆车的救援路线：车库→受灾点2→避难所42→受灾点11→避难所38→受灾点16→避难所34→受灾点6→避难所35→救援结束
第48辆车的救援路线：车库→受灾点16→避难所34→受灾点18→避难所26→受灾点18→避难所45→受灾点16→避难所45→救援结束
第49辆车的救援路线：车库→受灾点18→避难所34→救援结束
第50辆车的救援路线：车库→受灾点21→避难所32→受灾点8→避难所34→救援结束
