==================================================================================
gen|  eval  |    f_opt    |    f_max    |    f_avg    |    f_min    |    f_std    
----------------------------------------------------------------------------------
 0 |  400   |     1416    |     5018    | 2.58949E+03 |     1416    | 5.82898E+02 
 1 |  800   |     1416    |     2378    | 2.05157E+03 |     1416    | 2.10489E+02 
 2 |  1200  |     1284    |     2106    | 1.89145E+03 |     1284    | 1.61124E+02 
 3 |  1600  |     1284    |     1966    | 1.79278E+03 |     1284    | 1.29209E+02 
 4 |  2000  |     1284    |     1862    | 1.71222E+03 |     1284    | 1.11465E+02 
 5 |  2400  |     1284    |     1770    | 1.65018E+03 |     1284    | 9.66807E+01 
 6 |  2800  |     1238    |     1708    | 1.59596E+03 |     1238    | 9.02381E+01 
 7 |  3200  |     1238    |     1662    | 1.55053E+03 |     1238    | 8.29431E+01 
 8 |  3600  |     1227    |     1604    | 1.50587E+03 |     1227    | 7.34909E+01 
 9 |  4000  |     1227    |     1556    | 1.47242E+03 |     1227    | 6.95283E+01 
 10|  4400  |     1138    |     1522    | 1.44526E+03 |     1138    | 6.60003E+01 
 11|  4800  |     1125    |     1493    | 1.41799E+03 |     1125    | 6.21607E+01 
 12|  5200  |     1125    |     1466    | 1.39127E+03 |     1125    | 5.95902E+01 
 13|  5600  |     1125    |     1431    | 1.36206E+03 |     1125    | 5.62927E+01 
 14|  6000  |     1125    |     1398    | 1.32618E+03 |     1125    | 5.44300E+01 
 15|  6400  |     1125    |     1353    | 1.29167E+03 |     1125    | 4.98768E+01 
 16|  6800  |     1123    |     1319    | 1.25920E+03 |     1123    | 4.25072E+01 
 17|  7200  |     1115    |     1279    | 1.23238E+03 |     1115    | 3.54760E+01 
 18|  7600  |     1115    |     1253    | 1.21393E+03 |     1115    | 3.26213E+01 
 19|  8000  |     1071    |     1236    | 1.19669E+03 |     1071    | 3.05412E+01 
 20|  8400  |     1071    |     1215    | 1.18015E+03 |     1071    | 2.71821E+01 
 21|  8800  |     1071    |     1200    | 1.16525E+03 |     1071    | 2.52402E+01 
 22|  9200  |     1065    |     1185    | 1.15461E+03 |     1065    | 2.37766E+01 
 23|  9600  |     1049    |     1173    | 1.14561E+03 |     1049    | 2.23687E+01 
 24| 10000  |     1049    |     1163    | 1.13757E+03 |     1049    | 2.18252E+01 
 25| 10400  |     1049    |     1156    | 1.12928E+03 |     1049    | 2.04198E+01 
 26| 10800  |     1049    |     1147    | 1.12302E+03 |     1049    | 1.90643E+01 
 27| 11200  |     1049    |     1140    | 1.11683E+03 |     1049    | 1.83150E+01 
 28| 11600  |     992     |     1132    | 1.10963E+03 |     992     | 1.92713E+01 
 29| 12000  |     992     |     1128    | 1.10493E+03 |     992     | 1.87815E+01 
 30| 12400  |     992     |     1122    | 1.10075E+03 |     992     | 1.73742E+01 
 31| 12800  |     992     |     1116    | 1.09596E+03 |     992     | 1.70324E+01 
 32| 13200  |     991     |     1111    | 1.09102E+03 |     991     | 1.80877E+01 
 33| 13600  |     991     |     1106    | 1.08689E+03 |     991     | 1.73934E+01 
 34| 14000  |     991     |     1102    | 1.08370E+03 |     991     | 1.70365E+01 
 35| 14400  |     991     |     1097    | 1.07908E+03 |     991     | 1.77733E+01 
 36| 14800  |     991     |     1093    | 1.07584E+03 |     991     | 1.80706E+01 
 37| 15200  |     991     |     1089    | 1.07151E+03 |     991     | 1.87497E+01 
 38| 15600  |     991     |     1088    | 1.06721E+03 |     991     | 1.94980E+01 
 39| 16000  |     991     |     1084    | 1.06265E+03 |     991     | 1.98291E+01 
 40| 16400  |     991     |     1081    | 1.05818E+03 |     991     | 1.95929E+01 
 41| 16800  |     991     |     1076    | 1.05322E+03 |     991     | 1.87419E+01 
 42| 17200  |     980     |     1071    | 1.04730E+03 |     980     | 1.89694E+01 
 43| 17600  |     980     |     1064    | 1.04262E+03 |     980     | 1.89599E+01 
 44| 18000  |     980     |     1059    | 1.03877E+03 |     980     | 1.88030E+01 
 45| 18400  |     980     |     1056    | 1.03434E+03 |     980     | 1.89213E+01 
 46| 18800  |     980     |     1053    | 1.02969E+03 |     980     | 1.86383E+01 
 47| 19200  |     980     |     1049    | 1.02598E+03 |     980     | 1.84738E+01 
 48| 19600  |     967     |     1046    | 1.02130E+03 |     967     | 1.82809E+01 
 49| 20000  |     967     |     1039    | 1.01649E+03 |     967     | 1.76607E+01 
 50| 20400  |     963     |     1036    | 1.01285E+03 |     963     | 1.74947E+01 
 51| 20800  |     957     |     1031    | 1.00857E+03 |     957     | 1.63244E+01 
 52| 21200  |     957     |     1031    | 1.00471E+03 |     957     | 1.49974E+01 
 53| 21600  |     957     |     1021    | 9.99602E+02 |     957     | 1.25636E+01 
 54| 22000  |     957     |     1015    | 9.95312E+02 |     957     | 1.11497E+01 
 55| 22400  |     957     |     1007    | 9.92265E+02 |     957     | 9.79131E+00 
 56| 22800  |     957     |     1001    | 9.88775E+02 |     957     | 8.48259E+00 
 57| 23200  |     957     |     996     | 9.86265E+02 |     957     | 7.62462E+00 
 58| 23600  |     957     |     992     | 9.84773E+02 |     957     | 7.74537E+00 
 59| 24000  |     951     |     991     | 9.83268E+02 |     951     | 8.06666E+00 
 60| 24400  |     951     |     991     | 9.81472E+02 |     951     | 7.89299E+00 
 61| 24800  |     951     |     991     | 9.79602E+02 |     951     | 7.54019E+00 
 62| 25200  |     951     |     988     | 9.77878E+02 |     951     | 7.03864E+00 
 63| 25600  |     948     |     985     | 9.75263E+02 |     948     | 6.35599E+00 
 64| 26000  |     939     |     981     | 9.73008E+02 |     939     | 6.72699E+00 
 65| 26400  |     939     |     979     | 9.71107E+02 |     939     | 6.89064E+00 
 66| 26800  |     939     |     975     | 9.69163E+02 |     939     | 7.12328E+00 
 67| 27200  |     939     |     974     | 9.67528E+02 |     939     | 7.64946E+00 
 68| 27600  |     939     |     974     | 9.65982E+02 |     939     | 7.84074E+00 
 69| 28000  |     935     |     974     | 9.64023E+02 |     935     | 7.98104E+00 
 70| 28400  |     935     |     972     | 9.61530E+02 |     935     | 7.82618E+00 
 71| 28800  |     924     |     968     | 9.59100E+02 |     924     | 7.66061E+00 
 72| 29200  |     924     |     966     | 9.56888E+02 |     924     | 7.71070E+00 
 73| 29600  |     924     |     964     | 9.54560E+02 |     924     | 7.72214E+00 
 74| 30000  |     924     |     963     | 9.52678E+02 |     924     | 7.36230E+00 
 75| 30400  |     924     |     961     | 9.50803E+02 |     924     | 6.57141E+00 
 76| 30800  |     924     |     959     | 9.48793E+02 |     924     | 5.92574E+00 
 77| 31200  |     924     |     953     | 9.47520E+02 |     924     | 5.47901E+00 
 78| 31600  |     924     |     952     | 9.46295E+02 |     924     | 5.39518E+00 
 79| 32000  |     924     |     951     | 9.44847E+02 |     924     | 5.41103E+00 
 80| 32400  |     924     |     951     | 9.43497E+02 |     924     | 5.15412E+00 
 81| 32800  |     919     |     948     | 9.42365E+02 |     919     | 5.07807E+00 
 82| 33200  |     919     |     948     | 9.41480E+02 |     919     | 4.99696E+00 
 83| 33600  |     917     |     948     | 9.40013E+02 |     917     | 4.96562E+00 
 84| 34000  |     917     |     944     | 9.38775E+02 |     917     | 4.54251E+00 
 85| 34400  |     917     |     943     | 9.37712E+02 |     917     | 4.42152E+00 
 86| 34800  |     915     |     940     | 9.36700E+02 |     915     | 4.56782E+00 
 87| 35200  |     915     |     939     | 9.35928E+02 |     915     | 5.00971E+00 
 88| 35600  |     915     |     939     | 9.35295E+02 |     915     | 5.31676E+00 
 89| 36000  |     915     |     939     | 9.34500E+02 |     915     | 5.51725E+00 
 90| 36400  |     913     |     939     | 9.33288E+02 |     913     | 5.95146E+00 
 91| 36800  |     913     |     939     | 9.32185E+02 |     913     | 5.87842E+00 
 92| 37200  |     909     |     939     | 9.30643E+02 |     909     | 5.86129E+00 
 93| 37600  |     908     |     936     | 9.28893E+02 |     908     | 5.48643E+00 
 94| 38000  |     908     |     935     | 9.27360E+02 |     908     | 5.17401E+00 
 95| 38400  |     908     |     933     | 9.25783E+02 |     908     | 4.76027E+00 
 96| 38800  |     908     |     930     | 9.24625E+02 |     908     | 4.80722E+00 
 97| 39200  |     899     |     929     | 9.23043E+02 |     899     | 5.08878E+00 
 98| 39600  |     899     |     928     | 9.21885E+02 |     899     | 4.71453E+00 
 99| 40000  |     899     |     924     | 9.20697E+02 |     899     | 5.23460E+00 
100| 40400  |     899     |     924     | 9.19680E+02 |     899     | 5.58459E+00 
101| 40800  |     899     |     924     | 9.18860E+02 |     899     | 5.78320E+00 
102| 41200  |     899     |     924     | 9.17472E+02 |     899     | 5.96651E+00 
103| 41600  |     899     |     924     | 9.16075E+02 |     899     | 5.89104E+00 
104| 42000  |     899     |     924     | 9.14553E+02 |     899     | 5.33406E+00 
105| 42400  |     896     |     919     | 9.12378E+02 |     896     | 4.17792E+00 
106| 42800  |     896     |     917     | 9.11405E+02 |     896     | 3.93459E+00 
107| 43200  |     894     |     916     | 9.10300E+02 |     894     | 3.74433E+00 
108| 43600  |     894     |     913     | 9.09523E+02 |     894     | 3.64548E+00 
109| 44000  |     894     |     913     | 9.08597E+02 |     894     | 3.80270E+00 
110| 44400  |     882     |     911     | 9.07785E+02 |     882     | 4.12962E+00 
111| 44800  |     882     |     911     | 9.06908E+02 |     882     | 4.30627E+00 
112| 45200  |     882     |     911     | 9.05860E+02 |     882     | 4.41309E+00 
113| 45600  |     882     |     911     | 9.04950E+02 |     882     | 4.20862E+00 
114| 46000  |     882     |     909     | 9.03910E+02 |     882     | 4.12091E+00 
115| 46400  |     882     |     908     | 9.03005E+02 |     882     | 4.10792E+00 
116| 46800  |     882     |     907     | 9.01905E+02 |     882     | 3.79091E+00 
117| 47200  |     882     |     907     | 9.00795E+02 |     882     | 3.32761E+00 
118| 47600  |     877     |     904     | 8.99543E+02 |     877     | 2.66799E+00 
119| 48000  |     874     |     902     | 8.98660E+02 |     874     | 2.80792E+00 
120| 48400  |     874     |     901     | 8.97945E+02 |     874     | 2.75989E+00 
121| 48800  |     874     |     899     | 8.97515E+02 |     874     | 2.89219E+00 
122| 49200  |     874     |     899     | 8.97112E+02 |     874     | 3.14640E+00 
123| 49600  |     874     |     899     | 8.96605E+02 |     874     | 3.62960E+00 
124| 50000  |     874     |     899     | 8.96325E+02 |     874     | 3.55589E+00 
125| 50400  |     874     |     899     | 8.95915E+02 |     874     | 3.40922E+00 
126| 50800  |     874     |     899     | 8.95485E+02 |     874     | 3.24188E+00 
127| 51200  |     874     |     897     | 8.94975E+02 |     874     | 3.26564E+00 
128| 51600  |     874     |     896     | 8.94645E+02 |     874     | 3.61856E+00 
129| 52000  |     874     |     896     | 8.94425E+02 |     874     | 3.86580E+00 
130| 52400  |     874     |     896     | 8.94217E+02 |     874     | 3.91474E+00 
131| 52800  |     873     |     896     | 8.93808E+02 |     873     | 4.27790E+00 
132| 53200  |     873     |     896     | 8.93217E+02 |     873     | 4.65620E+00 
133| 53600  |     871     |     896     | 8.92645E+02 |     871     | 5.01338E+00 
134| 54000  |     871     |     895     | 8.91980E+02 |     871     | 5.41753E+00 
135| 54400  |     871     |     895     | 8.91413E+02 |     871     | 5.65220E+00 
136| 54800  |     871     |     895     | 8.90615E+02 |     871     | 5.99348E+00 
137| 55200  |     871     |     895     | 8.89577E+02 |     871     | 6.39680E+00 
138| 55600  |     871     |     895     | 8.88490E+02 |     871     | 6.55705E+00 
139| 56000  |     871     |     894     | 8.87045E+02 |     871     | 6.61536E+00 
140| 56400  |     871     |     894     | 8.85747E+02 |     871     | 6.57029E+00 
141| 56800  |     871     |     894     | 8.83835E+02 |     871     | 6.15002E+00 
142| 57200  |     871     |     890     | 8.82058E+02 |     871     | 5.09649E+00 
143| 57600  |     871     |     887     | 8.80535E+02 |     871     | 4.64207E+00 
144| 58000  |     871     |     886     | 8.79398E+02 |     871     | 4.43390E+00 
145| 58400  |     871     |     883     | 8.78470E+02 |     871     | 4.52925E+00 
146| 58800  |     871     |     882     | 8.77288E+02 |     871     | 4.60216E+00 
147| 59200  |     870     |     882     | 8.76148E+02 |     870     | 4.48004E+00 
148| 59600  |     870     |     882     | 8.75067E+02 |     870     | 4.04697E+00 
149| 60000  |     870     |     881     | 8.73997E+02 |     870     | 3.41504E+00 
150| 60400  |     870     |     879     | 8.72633E+02 |     870     | 2.32539E+00 
151| 60800  |     870     |     877     | 8.71992E+02 |     870     | 1.71244E+00 
152| 61200  |     870     |     873     | 8.71280E+02 |     870     | 7.04699E-01 
153| 61600  |     870     |     871     | 8.70987E+02 |     870     | 1.11102E-01 
154| 62000  |     870     |     871     | 8.70982E+02 |     870     | 1.31125E-01 
155| 62400  |     870     |     871     | 8.70975E+02 |     870     | 1.56125E-01 
156| 62800  |     864     |     871     | 8.70955E+02 |     864     | 3.84675E-01 
157| 63200  |     858     |     871     | 8.70905E+02 |     858     | 7.62217E-01 
158| 63600  |     858     |     871     | 8.70893E+02 |     858     | 7.68729E-01 
159| 64000  |     858     |     871     | 8.70835E+02 |     858     | 9.96381E-01 
160| 64400  |     858     |     871     | 8.70750E+02 |     858     | 1.20934E+00 
161| 64800  |     858     |     871     | 8.70640E+02 |     858     | 1.50346E+00 
162| 65200  |     858     |     871     | 8.70550E+02 |     858     | 1.63631E+00 
163| 65600  |     858     |     871     | 8.70408E+02 |     858     | 1.70042E+00 
164| 66000  |     858     |     871     | 8.70227E+02 |     858     | 1.95978E+00 
165| 66400  |     858     |     871     | 8.69888E+02 |     858     | 2.22819E+00 
166| 66800  |     858     |     871     | 8.69550E+02 |     858     | 2.41816E+00 
167| 67200  |     858     |     871     | 8.68817E+02 |     858     | 2.97644E+00 
168| 67600  |     858     |     870     | 8.67793E+02 |     858     | 3.70668E+00 
169| 68000  |     858     |     870     | 8.66600E+02 |     858     | 4.14849E+00 
170| 68400  |     858     |     870     | 8.65440E+02 |     858     | 4.22095E+00 
171| 68800  |     858     |     869     | 8.63855E+02 |     858     | 4.14415E+00 
172| 69200  |     853     |     867     | 8.62268E+02 |     853     | 4.05474E+00 
173| 69600  |     853     |     867     | 8.60783E+02 |     853     | 3.48500E+00 
174| 70000  |     853     |     866     | 8.59087E+02 |     853     | 1.76064E+00 
175| 70400  |     853     |     859     | 8.58415E+02 |     853     | 6.26718E-01 
176| 70800  |     853     |     859     | 8.58242E+02 |     853     | 5.98910E-01 
177| 71200  |     851     |     859     | 8.57977E+02 |     851     | 6.76013E-01 
178| 71600  |     851     |     858     | 8.57885E+02 |     851     | 7.22340E-01 
179| 72000  |     851     |     858     | 8.57820E+02 |     851     | 8.93085E-01 
180| 72400  |     851     |     858     | 8.57702E+02 |     851     | 1.15065E+00 
181| 72800  |     851     |     858     | 8.57562E+02 |     851     | 1.38061E+00 
182| 73200  |     851     |     858     | 8.57350E+02 |     851     | 1.63783E+00 
183| 73600  |     847     |     858     | 8.56918E+02 |     847     | 2.11676E+00 
184| 74000  |     847     |     858     | 8.56413E+02 |     847     | 2.42019E+00 
185| 74400  |     847     |     858     | 8.55577E+02 |     847     | 2.83796E+00 
186| 74800  |     847     |     858     | 8.54525E+02 |     847     | 2.90420E+00 
187| 75200  |     847     |     858     | 8.53310E+02 |     847     | 2.44109E+00 
188| 75600  |     847     |     855     | 8.52055E+02 |     847     | 1.46696E+00 
189| 76000  |     847     |     853     | 8.51630E+02 |     847     | 1.39036E+00 
190| 76400  |     847     |     853     | 8.51225E+02 |     847     | 1.31506E+00 
191| 76800  |     847     |     852     | 8.50688E+02 |     847     | 1.08621E+00 
192| 77200  |     847     |     851     | 8.50492E+02 |     847     | 1.14015E+00 
193| 77600  |     847     |     851     | 8.50342E+02 |     847     | 1.25706E+00 
194| 78000  |     847     |     851     | 8.50170E+02 |     847     | 1.35133E+00 
195| 78400  |     847     |     851     | 8.49827E+02 |     847     | 1.50590E+00 
196| 78800  |     847     |     851     | 8.49530E+02 |     847     | 1.56496E+00 
197| 79200  |     847     |     851     | 8.49180E+02 |     847     | 1.55486E+00 
198| 79600  |     847     |     851     | 8.48760E+02 |     847     | 1.49245E+00 
199| 80000  |     847     |     850     | 8.48355E+02 |     847     | 1.47783E+00 
200| 80400  |     847     |     850     | 8.47815E+02 |     847     | 1.31178E+00 
201| 80800  |     847     |     850     | 8.47143E+02 |     847     | 5.67621E-01 
202| 81200  |     847     |     847     | 8.47000E+02 |     847     | 0.00000E+00 
203| 81600  |     847     |     847     | 8.47000E+02 |     847     | 0.00000E+00 
204| 82000  |     847     |     847     | 8.47000E+02 |     847     | 0.00000E+00 
205| 82400  |     847     |     847     | 8.47000E+02 |     847     | 0.00000E+00 
206| 82800  |     847     |     847     | 8.47000E+02 |     847     | 0.00000E+00 
207| 83200  |     847     |     847     | 8.47000E+02 |     847     | 0.00000E+00 
208| 83600  |     847     |     847     | 8.47000E+02 |     847     | 0.00000E+00 
209| 84000  |     847     |     847     | 8.47000E+02 |     847     | 0.00000E+00 
210| 84400  |     847     |     847     | 8.47000E+02 |     847     | 0.00000E+00 
211| 84800  |     847     |     847     | 8.47000E+02 |     847     | 0.00000E+00 
212| 85200  |     847     |     847     | 8.47000E+02 |     847     | 0.00000E+00 
213| 85600  |     847     |     847     | 8.47000E+02 |     847     | 0.00000E+00 
214| 86000  |     847     |     847     | 8.47000E+02 |     847     | 0.00000E+00 
215| 86400  |     847     |     847     | 8.47000E+02 |     847     | 0.00000E+00 
216| 86800  |     847     |     847     | 8.47000E+02 |     847     | 0.00000E+00 
217| 87200  |     847     |     847     | 8.47000E+02 |     847     | 0.00000E+00 
218| 87600  |     847     |     847     | 8.47000E+02 |     847     | 0.00000E+00 
219| 88000  |     847     |     847     | 8.47000E+02 |     847     | 0.00000E+00 
220| 88400  |     847     |     847     | 8.47000E+02 |     847     | 0.00000E+00 
221| 88800  |     847     |     847     | 8.47000E+02 |     847     | 0.00000E+00 
222| 89200  |     847     |     847     | 8.47000E+02 |     847     | 0.00000E+00 
223| 89600  |     847     |     847     | 8.47000E+02 |     847     | 0.00000E+00 
224| 90000  |     847     |     847     | 8.47000E+02 |     847     | 0.00000E+00 
225| 90400  |     847     |     847     | 8.47000E+02 |     847     | 0.00000E+00 
226| 90800  |     847     |     847     | 8.47000E+02 |     847     | 0.00000E+00 
227| 91200  |     842     |     847     | 8.46987E+02 |     842     | 2.49687E-01 
228| 91600  |     842     |     847     | 8.46975E+02 |     842     | 3.52668E-01 
229| 92000  |     842     |     847     | 8.46975E+02 |     842     | 3.52668E-01 
230| 92400  |     842     |     847     | 8.46950E+02 |     842     | 4.97494E-01 
231| 92800  |     842     |     847     | 8.46925E+02 |     842     | 6.07762E-01 
232| 93200  |     842     |     847     | 8.46913E+02 |     842     | 6.55625E-01 
233| 93600  |     842     |     847     | 8.46900E+02 |     842     | 7.00000E-01 
234| 94000  |     842     |     847     | 8.46870E+02 |     842     | 7.86193E-01 
235| 94400  |     842     |     847     | 8.46765E+02 |     842     | 1.04392E+00 
236| 94800  |     842     |     847     | 8.46712E+02 |     842     | 1.13130E+00 
237| 95200  |     842     |     847     | 8.46580E+02 |     842     | 1.33739E+00 
238| 95600  |     842     |     847     | 8.46362E+02 |     842     | 1.59565E+00 
239| 96000  |     842     |     847     | 8.46222E+02 |     842     | 1.70821E+00 
240| 96400  |     842     |     847     | 8.45865E+02 |     842     | 1.96132E+00 
241| 96800  |     840     |     847     | 8.45433E+02 |     840     | 2.15533E+00 
242| 97200  |     840     |     847     | 8.44753E+02 |     840     | 2.26412E+00 
243| 97600  |     840     |     847     | 8.43832E+02 |     840     | 2.10344E+00 
244| 98000  |     840     |     847     | 8.42860E+02 |     840     | 1.38217E+00 
245| 98400  |     834     |     845     | 8.42082E+02 |     834     | 6.96917E-01 
246| 98800  |     834     |     842     | 8.41900E+02 |     834     | 7.41620E-01 
247| 99200  |     834     |     842     | 8.41768E+02 |     834     | 1.18678E+00 
248| 99600  |     834     |     842     | 8.41727E+02 |     834     | 1.26026E+00 
249| 100000 |     834     |     842     | 8.41592E+02 |     834     | 1.57685E+00 
250| 100400 |     834     |     842     | 8.41380E+02 |     834     | 1.92629E+00 
251| 100800 |     834     |     842     | 8.41075E+02 |     834     | 2.35146E+00 
252| 101200 |     834     |     842     | 8.40545E+02 |     834     | 2.83601E+00 
253| 101600 |     834     |     842     | 8.39755E+02 |     834     | 3.27719E+00 
254| 102000 |     834     |     842     | 8.38690E+02 |     834     | 3.54949E+00 
255| 102400 |     834     |     842     | 8.37383E+02 |     834     | 3.44473E+00 
256| 102800 |     834     |     840     | 8.35810E+02 |     834     | 2.67187E+00 
257| 103200 |     834     |     840     | 8.34538E+02 |     834     | 1.54712E+00 
258| 103600 |     834     |     834     | 8.34000E+02 |     834     | 0.00000E+00 
259| 104000 |     834     |     834     | 8.34000E+02 |     834     | 0.00000E+00 
260| 104400 |     834     |     834     | 8.34000E+02 |     834     | 0.00000E+00 
261| 104800 |     834     |     834     | 8.34000E+02 |     834     | 0.00000E+00 
262| 105200 |     833     |     834     | 8.33997E+02 |     833     | 4.99375E-02 
263| 105600 |     833     |     834     | 8.33992E+02 |     833     | 8.62772E-02 
264| 106000 |     833     |     834     | 8.33992E+02 |     833     | 8.62772E-02 
265| 106400 |     833     |     834     | 8.33990E+02 |     833     | 9.94987E-02 
266| 106800 |     833     |     834     | 8.33985E+02 |     833     | 1.21552E-01 
267| 107200 |     833     |     834     | 8.33977E+02 |     833     | 1.48303E-01 
268| 107600 |     833     |     834     | 8.33972E+02 |     833     | 1.63535E-01 
269| 108000 |     833     |     834     | 8.33960E+02 |     833     | 1.95959E-01 
270| 108400 |     833     |     834     | 8.33940E+02 |     833     | 2.37487E-01 
271| 108800 |     833     |     834     | 8.33908E+02 |     833     | 2.89730E-01 
272| 109200 |     832     |     834     | 8.33865E+02 |     832     | 3.48963E-01 
273| 109600 |     832     |     834     | 8.33788E+02 |     832     | 4.15143E-01 
274| 110000 |     832     |     834     | 8.33697E+02 |     832     | 4.70100E-01 
275| 110400 |     832     |     834     | 8.33555E+02 |     832     | 5.11835E-01 
276| 110800 |     832     |     834     | 8.33393E+02 |     832     | 5.18116E-01 
277| 111200 |     832     |     834     | 8.33175E+02 |     832     | 4.35172E-01 
278| 111600 |     823     |     833     | 8.32945E+02 |     823     | 5.26284E-01 
279| 112000 |     823     |     833     | 8.32933E+02 |     823     | 5.36604E-01 
280| 112400 |     823     |     833     | 8.32908E+02 |     823     | 5.55827E-01 
281| 112800 |     823     |     833     | 8.32870E+02 |     823     | 5.85747E-01 
282| 113200 |     823     |     833     | 8.32840E+02 |     823     | 6.03656E-01 
283| 113600 |     823     |     833     | 8.32697E+02 |     823     | 9.72622E-01 
284| 114000 |     823     |     833     | 8.32545E+02 |     823     | 1.19498E+00 
285| 114400 |     823     |     833     | 8.32405E+02 |     823     | 1.32324E+00 
286| 114800 |     823     |     833     | 8.32102E+02 |     823     | 1.75128E+00 
287| 115200 |     823     |     833     | 8.31798E+02 |     823     | 1.93429E+00 
288| 115600 |     822     |     833     | 8.31465E+02 |     822     | 2.12809E+00 
289| 116000 |     821     |     832     | 8.30997E+02 |     821     | 2.58988E+00 
290| 116400 |     819     |     832     | 8.30663E+02 |     819     | 2.95103E+00 
291| 116800 |     819     |     832     | 8.30070E+02 |     819     | 3.39781E+00 
292| 117200 |     819     |     832     | 8.29332E+02 |     819     | 3.70094E+00 
293| 117600 |     819     |     832     | 8.28503E+02 |     819     | 3.85811E+00 
294| 118000 |     819     |     832     | 8.27643E+02 |     819     | 3.86195E+00 
295| 118400 |     819     |     832     | 8.26270E+02 |     819     | 3.57940E+00 
296| 118800 |     819     |     830     | 8.24518E+02 |     819     | 2.55630E+00 
297| 119200 |     819     |     828     | 8.23378E+02 |     819     | 1.79583E+00 
298| 119600 |     819     |     823     | 8.22607E+02 |     819     | 8.90755E-01 
299| 120000 |     819     |     823     | 8.22467E+02 |     819     | 9.96967E-01 
300| 120400 |     819     |     823     | 8.22258E+02 |     819     | 1.11857E+00 
种群信息导出完毕。
评价次数：120400
时间已过 101.2162070274353 秒
最小的救援时间为：819
最优的救援方案为：
第1辆车的救援路线：车库→受灾点2→避难所34→受灾点5→避难所35→受灾点5→避难所34→受灾点5→避难所26→受灾点5→避难所34→救援结束
第2辆车的救援路线：车库→受灾点18→避难所26→受灾点6→避难所34→受灾点16→避难所37→受灾点11→避难所32→受灾点11→避难所32→救援结束
第3辆车的救援路线：车库→受灾点7→避难所38→受灾点18→避难所26→受灾点21→避难所34→受灾点5→避难所40→受灾点2→避难所35→救援结束
第4辆车的救援路线：车库→受灾点20→避难所42→受灾点18→避难所42→救援结束
第5辆车的救援路线：车库→受灾点11→避难所34→受灾点9→避难所41→救援结束
第6辆车的救援路线：车库→受灾点13→避难所32→受灾点13→避难所41→受灾点13→避难所32→救援结束
第7辆车的救援路线：车库→受灾点18→避难所35→受灾点5→避难所34→受灾点1→避难所34→救援结束
第8辆车的救援路线：车库→受灾点5→避难所42→受灾点18→避难所38→受灾点18→避难所26→受灾点2→避难所32→受灾点18→避难所34→救援结束
第9辆车的救援路线：车库→受灾点16→避难所32→受灾点3→避难所23→受灾点14→避难所42→救援结束
第10辆车的救援路线：车库→受灾点21→避难所34→受灾点16→避难所35→救援结束
第11辆车的救援路线：车库→受灾点11→避难所30→受灾点8→避难所29→受灾点18→避难所34→救援结束
第12辆车的救援路线：车库→受灾点10→避难所45→受灾点6→避难所34→受灾点18→避难所34→受灾点10→避难所34→救援结束
第13辆车的救援路线：车库→受灾点6→避难所27→受灾点2→避难所34→受灾点10→避难所32→受灾点13→避难所40→受灾点13→避难所34→救援结束
第14辆车的救援路线：车库→受灾点13→避难所35→受灾点22→避难所25→受灾点16→避难所32→救援结束
第15辆车的救援路线：车库→受灾点2→避难所42→救援结束
第16辆车的救援路线：车库→受灾点16→避难所32→救援结束
第17辆车的救援路线：车库→受灾点11→避难所43→受灾点16→避难所35→受灾点6→避难所40→救援结束
第18辆车的救援路线：车库→受灾点7→避难所34→受灾点16→避难所35→受灾点14→避难所43→救援结束
第19辆车的救援路线：车库→受灾点18→避难所36→救援结束
第20辆车的救援路线：车库→受灾点21→避难所40→受灾点5→避难所42→受灾点13→避难所32→救援结束
第21辆车的救援路线：车库→受灾点16→避难所34→受灾点15→避难所42→受灾点16→避难所44→救援结束
第22辆车的救援路线：车库→受灾点10→避难所32→救援结束
第23辆车的救援路线：车库→受灾点11→避难所34→受灾点15→避难所27→受灾点5→避难所30→受灾点11→避难所34→受灾点12→避难所34→受灾点2→避难所26→救援结束
第24辆车的救援路线：车库→受灾点20→避难所41→救援结束
第25辆车的救援路线：车库→受灾点16→避难所23→救援结束
第26辆车的救援路线：车库→受灾点11→避难所34→受灾点20→避难所44→受灾点16→避难所40→救援结束
第27辆车的救援路线：车库→受灾点16→避难所32→受灾点21→避难所32→受灾点16→避难所41→救援结束
第28辆车的救援路线：车库→受灾点1→避难所34→受灾点7→避难所34→受灾点5→避难所34→受灾点13→避难所38→受灾点13→避难所38→救援结束
第29辆车的救援路线：车库→受灾点14→避难所32→受灾点16→避难所27→受灾点13→避难所45→受灾点11→避难所34→救援结束
第30辆车的救援路线：车库→受灾点20→避难所35→救援结束
第31辆车的救援路线：车库→受灾点7→避难所39→救援结束
第32辆车的救援路线：车库→受灾点11→避难所26→受灾点1→避难所34→受灾点6→避难所32→受灾点13→避难所34→受灾点10→避难所45→救援结束
第33辆车的救援路线：车库→受灾点16→避难所34→受灾点19→避难所35→受灾点11→避难所34→救援结束
第34辆车的救援路线：车库→受灾点16→避难所36→救援结束
第35辆车的救援路线：车库→受灾点14→避难所45→救援结束
第36辆车的救援路线：车库→受灾点5→避难所34→受灾点16→避难所34→受灾点13→避难所37→受灾点7→避难所32→救援结束
第37辆车的救援路线：车库→受灾点13→避难所45→受灾点5→避难所34→救援结束
第38辆车的救援路线：车库→受灾点8→避难所34→受灾点16→避难所34→救援结束
第39辆车的救援路线：车库→受灾点16→避难所30→受灾点5→避难所34→救援结束
第40辆车的救援路线：车库→受灾点15→避难所42→受灾点10→避难所44→受灾点3→避难所34→救援结束
第41辆车的救援路线：车库→受灾点13→避难所34→受灾点10→避难所34→受灾点22→避难所45→受灾点18→避难所26→救援结束
第42辆车的救援路线：车库→受灾点16→避难所32→受灾点21→避难所32→救援结束
第43辆车的救援路线：车库→受灾点10→避难所28→受灾点16→避难所43→救援结束
第44辆车的救援路线：车库→受灾点16→避难所34→受灾点11→避难所41→救援结束
第45辆车的救援路线：车库→受灾点16→避难所34→受灾点13→避难所42→受灾点13→避难所44→救援结束
第46辆车的救援路线：车库→受灾点16→避难所44→受灾点7→避难所40→受灾点11→避难所34→救援结束
第47辆车的救援路线：车库→受灾点6→避难所34→受灾点10→避难所30→受灾点11→避难所34→受灾点16→避难所34→救援结束
第48辆车的救援路线：车库→受灾点19→避难所33→救援结束
第49辆车的救援路线：车库→受灾点16→避难所45→受灾点17→避难所38→受灾点7→避难所34→受灾点7→避难所34→救援结束
第50辆车的救援路线：车库→受灾点4→避难所29→受灾点13→避难所34→受灾点16→避难所42→救援结束
