==================================================================================
gen|  eval  |    f_opt    |    f_max    |    f_avg    |    f_min    |    f_std    
----------------------------------------------------------------------------------
 0 |  400   |     1416    |     6145    | 2.56734E+03 |     1416    | 6.79221E+02 
 1 |  800   |     1416    |     2335    | 2.02090E+03 |     1416    | 1.91599E+02 
 2 |  1200  |     1416    |     2046    | 1.85599E+03 |     1416    | 1.36302E+02 
 3 |  1600  |     1416    |     1912    | 1.76027E+03 |     1416    | 1.11154E+02 
 4 |  2000  |     1318    |     1814    | 1.68606E+03 |     1318    | 1.02715E+02 
 5 |  2400  |     1318    |     1748    | 1.62661E+03 |     1318    | 9.39139E+01 
 6 |  2800  |     1318    |     1689    | 1.58068E+03 |     1318    | 7.98986E+01 
 7 |  3200  |     1295    |     1630    | 1.53723E+03 |     1295    | 7.08796E+01 
 8 |  3600  |     1274    |     1592    | 1.50232E+03 |     1274    | 6.58223E+01 
 9 |  4000  |     1233    |     1555    | 1.47343E+03 |     1233    | 6.02203E+01 
 10|  4400  |     1230    |     1520    | 1.44440E+03 |     1230    | 5.66383E+01 
 11|  4800  |     1230    |     1487    | 1.41845E+03 |     1230    | 5.17758E+01 
 12|  5200  |     1230    |     1464    | 1.39911E+03 |     1230    | 4.65860E+01 
 13|  5600  |     1169    |     1437    | 1.37712E+03 |     1169    | 4.69562E+01 
 14|  6000  |     1169    |     1416    | 1.35913E+03 |     1169    | 4.39218E+01 
 15|  6400  |     1169    |     1398    | 1.34608E+03 |     1169    | 4.01525E+01 
 16|  6800  |     1169    |     1378    | 1.32800E+03 |     1169    | 3.84049E+01 
 17|  7200  |     1169    |     1355    | 1.31208E+03 |     1169    | 3.53647E+01 
 18|  7600  |     1169    |     1341    | 1.30217E+03 |     1169    | 3.39561E+01 
 19|  8000  |     1163    |     1328    | 1.28727E+03 |     1163    | 3.42340E+01 
 20|  8400  |     1163    |     1318    | 1.27356E+03 |     1163    | 3.23040E+01 
 21|  8800  |     1147    |     1295    | 1.25889E+03 |     1147    | 3.08799E+01 
 22|  9200  |     1126    |     1282    | 1.24485E+03 |     1126    | 2.98866E+01 
 23|  9600  |     1111    |     1270    | 1.23249E+03 |     1111    | 2.78566E+01 
 24| 10000  |     1111    |     1255    | 1.22011E+03 |     1111    | 2.52997E+01 
 25| 10400  |     1111    |     1237    | 1.20910E+03 |     1111    | 2.38003E+01 
 26| 10800  |     1111    |     1223    | 1.19848E+03 |     1111    | 2.41308E+01 
 27| 11200  |     1075    |     1215    | 1.19042E+03 |     1075    | 2.53747E+01 
 28| 11600  |     1075    |     1215    | 1.18132E+03 |     1075    | 2.43996E+01 
 29| 12000  |     1048    |     1202    | 1.17065E+03 |     1048    | 2.44440E+01 
 30| 12400  |     1048    |     1191    | 1.16063E+03 |     1048    | 2.28685E+01 
 31| 12800  |     1048    |     1179    | 1.15330E+03 |     1048    | 2.14604E+01 
 32| 13200  |     1048    |     1170    | 1.14600E+03 |     1048    | 2.19592E+01 
 33| 13600  |     1048    |     1163    | 1.13886E+03 |     1048    | 2.21163E+01 
 34| 14000  |     1038    |     1154    | 1.13130E+03 |     1038    | 2.26638E+01 
 35| 14400  |     1021    |     1149    | 1.12346E+03 |     1021    | 2.32353E+01 
 36| 14800  |     1021    |     1142    | 1.11444E+03 |     1021    | 2.23211E+01 
 37| 15200  |     1021    |     1130    | 1.10685E+03 |     1021    | 2.11413E+01 
 38| 15600  |     1021    |     1125    | 1.10080E+03 |     1021    | 2.07767E+01 
 39| 16000  |     1020    |     1115    | 1.09316E+03 |     1020    | 1.99524E+01 
 40| 16400  |     1020    |     1111    | 1.08707E+03 |     1020    | 1.95317E+01 
 41| 16800  |     1017    |     1106    | 1.08043E+03 |     1017    | 1.83514E+01 
 42| 17200  |     1017    |     1099    | 1.07519E+03 |     1017    | 1.75315E+01 
 43| 17600  |     1017    |     1094    | 1.07014E+03 |     1017    | 1.66050E+01 
 44| 18000  |     1017    |     1087    | 1.06585E+03 |     1017    | 1.57409E+01 
 45| 18400  |     1010    |     1080    | 1.06112E+03 |     1010    | 1.56106E+01 
 46| 18800  |     1010    |     1076    | 1.05689E+03 |     1010    | 1.54782E+01 
 47| 19200  |     1008    |     1074    | 1.05322E+03 |     1008    | 1.50631E+01 
 48| 19600  |     1007    |     1068    | 1.04937E+03 |     1007    | 1.40188E+01 
 49| 20000  |     1005    |     1063    | 1.04576E+03 |     1005    | 1.34933E+01 
 50| 20400  |     1005    |     1061    | 1.04212E+03 |     1005    | 1.31509E+01 
 51| 20800  |     993     |     1056    | 1.03975E+03 |     993     | 1.27874E+01 
 52| 21200  |     993     |     1052    | 1.03652E+03 |     993     | 1.24386E+01 
 53| 21600  |     993     |     1048    | 1.03347E+03 |     993     | 1.21068E+01 
 54| 22000  |     993     |     1047    | 1.03078E+03 |     993     | 1.19298E+01 
 55| 22400  |     979     |     1043    | 1.02724E+03 |     979     | 1.15494E+01 
 56| 22800  |     979     |     1040    | 1.02430E+03 |     979     | 1.10482E+01 
 57| 23200  |     979     |     1038    | 1.02184E+03 |     979     | 1.03337E+01 
 58| 23600  |     979     |     1035    | 1.01981E+03 |     979     | 9.93314E+00 
 59| 24000  |     979     |     1030    | 1.01745E+03 |     979     | 9.64379E+00 
 60| 24400  |     979     |     1029    | 1.01601E+03 |     979     | 9.40159E+00 
 61| 24800  |     977     |     1025    | 1.01372E+03 |     977     | 9.80773E+00 
 62| 25200  |     977     |     1023    | 1.01196E+03 |     977     | 9.85789E+00 
 63| 25600  |     963     |     1021    | 1.00974E+03 |     963     | 1.01939E+01 
 64| 26000  |     963     |     1020    | 1.00757E+03 |     963     | 1.02884E+01 
 65| 26400  |     963     |     1018    | 1.00591E+03 |     963     | 1.01402E+01 
 66| 26800  |     959     |     1016    | 1.00387E+03 |     959     | 1.05567E+01 
 67| 27200  |     959     |     1013    | 1.00193E+03 |     959     | 1.05797E+01 
 68| 27600  |     944     |     1011    | 9.99303E+02 |     944     | 1.17523E+01 
 69| 28000  |     944     |     1010    | 9.97080E+02 |     944     | 1.17142E+01 
 70| 28400  |     944     |     1009    | 9.95048E+02 |     944     | 1.18155E+01 
 71| 28800  |     944     |     1007    | 9.92817E+02 |     944     | 1.17128E+01 
 72| 29200  |     944     |     1006    | 9.90352E+02 |     944     | 1.20668E+01 
 73| 29600  |     944     |     1003    | 9.87597E+02 |     944     | 1.20048E+01 
 74| 30000  |     944     |     1000    | 9.85413E+02 |     944     | 1.18346E+01 
 75| 30400  |     944     |     997     | 9.83240E+02 |     944     | 1.14211E+01 
 76| 30800  |     944     |     994     | 9.81227E+02 |     944     | 1.14611E+01 
 77| 31200  |     944     |     992     | 9.79227E+02 |     944     | 1.15782E+01 
 78| 31600  |     944     |     990     | 9.77633E+02 |     944     | 1.16309E+01 
 79| 32000  |     944     |     988     | 9.75610E+02 |     944     | 1.12975E+01 
 80| 32400  |     941     |     987     | 9.73957E+02 |     941     | 1.12630E+01 
 81| 32800  |     922     |     984     | 9.71683E+02 |     922     | 1.12306E+01 
 82| 33200  |     922     |     982     | 9.69095E+02 |     922     | 1.08446E+01 
 83| 33600  |     922     |     979     | 9.66385E+02 |     922     | 1.09411E+01 
 84| 34000  |     918     |     978     | 9.62957E+02 |     918     | 1.09012E+01 
 85| 34400  |     918     |     975     | 9.60332E+02 |     918     | 1.04227E+01 
 86| 34800  |     918     |     971     | 9.58210E+02 |     918     | 9.81356E+00 
 87| 35200  |     918     |     967     | 9.55153E+02 |     918     | 9.66510E+00 
 88| 35600  |     918     |     966     | 9.53212E+02 |     918     | 9.19034E+00 
 89| 36000  |     918     |     961     | 9.50122E+02 |     918     | 8.54708E+00 
 90| 36400  |     918     |     959     | 9.47060E+02 |     918     | 7.49409E+00 
 91| 36800  |     918     |     954     | 9.44490E+02 |     918     | 6.40741E+00 
 92| 37200  |     918     |     949     | 9.42428E+02 |     918     | 6.40662E+00 
 93| 37600  |     918     |     945     | 9.40890E+02 |     918     | 7.02943E+00 
 94| 38000  |     893     |     944     | 9.39628E+02 |     893     | 8.26188E+00 
 95| 38400  |     893     |     944     | 9.37945E+02 |     893     | 9.06046E+00 
 96| 38800  |     893     |     944     | 9.36408E+02 |     893     | 9.48164E+00 
 97| 39200  |     893     |     944     | 9.34495E+02 |     893     | 9.72985E+00 
 98| 39600  |     893     |     944     | 9.31572E+02 |     893     | 9.46677E+00 
 99| 40000  |     893     |     941     | 9.29165E+02 |     893     | 8.67945E+00 
100| 40400  |     893     |     940     | 9.26900E+02 |     893     | 7.64199E+00 
101| 40800  |     893     |     938     | 9.24495E+02 |     893     | 5.90550E+00 
102| 41200  |     893     |     932     | 9.22268E+02 |     893     | 3.51297E+00 
103| 41600  |     893     |     924     | 9.21045E+02 |     893     | 2.20408E+00 
104| 42000  |     893     |     922     | 9.20773E+02 |     893     | 2.23735E+00 
105| 42400  |     893     |     922     | 9.20462E+02 |     893     | 2.66807E+00 
106| 42800  |     893     |     922     | 9.20170E+02 |     893     | 2.69186E+00 
107| 43200  |     893     |     922     | 9.19822E+02 |     893     | 2.69277E+00 
108| 43600  |     893     |     922     | 9.19558E+02 |     893     | 2.64134E+00 
109| 44000  |     893     |     922     | 9.19130E+02 |     893     | 2.51855E+00 
110| 44400  |     893     |     921     | 9.18625E+02 |     893     | 2.27692E+00 
111| 44800  |     893     |     921     | 9.18250E+02 |     893     | 2.13717E+00 
112| 45200  |     893     |     921     | 9.17945E+02 |     893     | 1.96010E+00 
113| 45600  |     893     |     918     | 9.17658E+02 |     893     | 2.57589E+00 
114| 46000  |     893     |     918     | 9.17595E+02 |     893     | 2.85499E+00 
115| 46400  |     893     |     918     | 9.17572E+02 |     893     | 2.87398E+00 
116| 46800  |     893     |     918     | 9.17438E+02 |     893     | 3.28498E+00 
117| 47200  |     893     |     918     | 9.17378E+02 |     893     | 3.38895E+00 
118| 47600  |     893     |     918     | 9.17133E+02 |     893     | 3.96862E+00 
119| 48000  |     893     |     918     | 9.16890E+02 |     893     | 4.49143E+00 
120| 48400  |     893     |     918     | 9.16675E+02 |     893     | 4.86460E+00 
121| 48800  |     893     |     918     | 9.16438E+02 |     893     | 5.24987E+00 
122| 49200  |     893     |     918     | 9.16110E+02 |     893     | 5.71077E+00 
123| 49600  |     893     |     918     | 9.15827E+02 |     893     | 5.97727E+00 
124| 50000  |     893     |     918     | 9.15442E+02 |     893     | 6.31836E+00 
125| 50400  |     893     |     918     | 9.14938E+02 |     893     | 6.79180E+00 
126| 50800  |     893     |     918     | 9.13780E+02 |     893     | 7.78406E+00 
127| 51200  |     893     |     918     | 9.12760E+02 |     893     | 8.30135E+00 
128| 51600  |     893     |     918     | 9.11465E+02 |     893     | 8.85967E+00 
129| 52000  |     893     |     918     | 9.09625E+02 |     893     | 9.39065E+00 
130| 52400  |     889     |     918     | 9.07283E+02 |     889     | 9.78482E+00 
131| 52800  |     889     |     917     | 9.04000E+02 |     889     | 9.29650E+00 
132| 53200  |     889     |     912     | 8.99497E+02 |     889     | 7.27805E+00 
133| 53600  |     889     |     905     | 8.95595E+02 |     889     | 3.99700E+00 
134| 54000  |     889     |     898     | 8.93212E+02 |     889     | 8.90137E-01 
135| 54400  |     889     |     893     | 8.92990E+02 |     889     | 1.99750E-01 
136| 54800  |     889     |     893     | 8.92990E+02 |     889     | 1.99750E-01 
137| 55200  |     889     |     893     | 8.92990E+02 |     889     | 1.99750E-01 
138| 55600  |     889     |     893     | 8.92990E+02 |     889     | 1.99750E-01 
139| 56000  |     889     |     893     | 8.92970E+02 |     889     | 3.45109E-01 
140| 56400  |     889     |     893     | 8.92930E+02 |     889     | 5.24500E-01 
141| 56800  |     889     |     893     | 8.92900E+02 |     889     | 6.24500E-01 
142| 57200  |     889     |     893     | 8.92820E+02 |     889     | 8.29216E-01 
143| 57600  |     889     |     893     | 8.92675E+02 |     889     | 1.08829E+00 
144| 58000  |     889     |     893     | 8.92530E+02 |     889     | 1.28027E+00 
145| 58400  |     888     |     893     | 8.92270E+02 |     888     | 1.53366E+00 
146| 58800  |     888     |     893     | 8.91913E+02 |     888     | 1.76914E+00 
147| 59200  |     888     |     893     | 8.91487E+02 |     888     | 1.93774E+00 
148| 59600  |     888     |     893     | 8.90790E+02 |     888     | 1.99522E+00 
149| 60000  |     888     |     893     | 8.89837E+02 |     888     | 1.64957E+00 
150| 60400  |     888     |     890     | 8.88913E+02 |     888     | 2.99739E-01 
151| 60800  |     888     |     889     | 8.88855E+02 |     888     | 3.52101E-01 
152| 61200  |     888     |     889     | 8.88788E+02 |     888     | 4.09077E-01 
153| 61600  |     888     |     889     | 8.88690E+02 |     888     | 4.62493E-01 
154| 62000  |     888     |     889     | 8.88540E+02 |     888     | 4.98397E-01 
155| 62400  |     888     |     889     | 8.88365E+02 |     888     | 4.81430E-01 
156| 62800  |     888     |     889     | 8.88125E+02 |     888     | 3.30719E-01 
157| 63200  |     888     |     888     | 8.88000E+02 |     888     | 0.00000E+00 
158| 63600  |     888     |     888     | 8.88000E+02 |     888     | 0.00000E+00 
159| 64000  |     875     |     888     | 8.87950E+02 |     875     | 7.15891E-01 
160| 64400  |     871     |     888     | 8.87878E+02 |     871     | 1.17367E+00 
161| 64800  |     871     |     888     | 8.87805E+02 |     871     | 1.53035E+00 
162| 65200  |     871     |     888     | 8.87668E+02 |     871     | 2.05108E+00 
163| 65600  |     871     |     888     | 8.87545E+02 |     871     | 2.31257E+00 
164| 66000  |     871     |     888     | 8.87405E+02 |     871     | 2.54578E+00 
165| 66400  |     871     |     888     | 8.87128E+02 |     871     | 3.06207E+00 
166| 66800  |     869     |     888     | 8.86745E+02 |     869     | 3.66674E+00 
167| 67200  |     869     |     888     | 8.85960E+02 |     869     | 4.51203E+00 
168| 67600  |     869     |     888     | 8.84803E+02 |     869     | 5.28521E+00 
169| 68000  |     869     |     888     | 8.83673E+02 |     869     | 5.75198E+00 
170| 68400  |     869     |     888     | 8.81538E+02 |     869     | 6.10275E+00 
171| 68800  |     869     |     887     | 8.79102E+02 |     869     | 5.67908E+00 
172| 69200  |     869     |     883     | 8.76222E+02 |     869     | 4.34143E+00 
173| 69600  |     868     |     879     | 8.74072E+02 |     868     | 3.09875E+00 
174| 70000  |     868     |     878     | 8.72653E+02 |     868     | 2.03267E+00 
175| 70400  |     868     |     875     | 8.71673E+02 |     868     | 1.54280E+00 
176| 70800  |     868     |     873     | 8.70913E+02 |     868     | 1.08621E+00 
177| 71200  |     868     |     871     | 8.70503E+02 |     868     | 8.66022E-01 
178| 71600  |     867     |     871     | 8.70273E+02 |     867     | 9.71207E-01 
179| 72000  |     867     |     871     | 8.70018E+02 |     867     | 1.01597E+00 
180| 72400  |     867     |     871     | 8.69690E+02 |     867     | 9.86864E-01 
181| 72800  |     867     |     871     | 8.69260E+02 |     867     | 7.63151E-01 
182| 73200  |     867     |     869     | 8.68938E+02 |     867     | 3.37037E-01 
183| 73600  |     867     |     869     | 8.68928E+02 |     867     | 3.56712E-01 
184| 74000  |     867     |     869     | 8.68900E+02 |     867     | 4.12311E-01 
185| 74400  |     866     |     869     | 8.68862E+02 |     866     | 4.93552E-01 
186| 74800  |     866     |     869     | 8.68842E+02 |     866     | 5.26967E-01 
187| 75200  |     866     |     869     | 8.68780E+02 |     866     | 6.13677E-01 
188| 75600  |     866     |     869     | 8.68725E+02 |     866     | 6.70354E-01 
189| 76000  |     866     |     869     | 8.68645E+02 |     866     | 7.34149E-01 
190| 76400  |     866     |     869     | 8.68535E+02 |     866     | 8.14724E-01 
191| 76800  |     866     |     869     | 8.68327E+02 |     866     | 9.02908E-01 
192| 77200  |     866     |     869     | 8.68117E+02 |     866     | 9.40050E-01 
193| 77600  |     866     |     869     | 8.67768E+02 |     866     | 8.96350E-01 
194| 78000  |     866     |     869     | 8.67380E+02 |     866     | 6.67533E-01 
195| 78400  |     866     |     868     | 8.67035E+02 |     866     | 2.31894E-01 
196| 78800  |     866     |     867     | 8.66982E+02 |     866     | 1.31125E-01 
197| 79200  |     866     |     867     | 8.66982E+02 |     866     | 1.31125E-01 
198| 79600  |     865     |     867     | 8.66970E+02 |     865     | 1.84662E-01 
199| 80000  |     865     |     867     | 8.66957E+02 |     865     | 2.13761E-01 
200| 80400  |     865     |     867     | 8.66942E+02 |     865     | 2.43298E-01 
201| 80800  |     865     |     867     | 8.66905E+02 |     865     | 3.09798E-01 
202| 81200  |     865     |     867     | 8.66862E+02 |     865     | 3.72282E-01 
203| 81600  |     865     |     867     | 8.66800E+02 |     865     | 4.41588E-01 
204| 82000  |     865     |     867     | 8.66715E+02 |     865     | 4.98773E-01 
205| 82400  |     865     |     867     | 8.66585E+02 |     865     | 5.54775E-01 
206| 82800  |     865     |     867     | 8.66398E+02 |     865     | 5.74015E-01 
207| 83200  |     865     |     867     | 8.66183E+02 |     865     | 5.33098E-01 
208| 83600  |     865     |     866     | 8.65908E+02 |     865     | 2.89730E-01 
209| 84000  |     865     |     866     | 8.65867E+02 |     865     | 3.39034E-01 
210| 84400  |     865     |     866     | 8.65810E+02 |     865     | 3.92301E-01 
211| 84800  |     865     |     866     | 8.65705E+02 |     865     | 4.56043E-01 
212| 85200  |     865     |     866     | 8.65600E+02 |     865     | 4.89898E-01 
213| 85600  |     865     |     866     | 8.65428E+02 |     865     | 4.94716E-01 
214| 86000  |     865     |     866     | 8.65237E+02 |     865     | 4.25551E-01 
215| 86400  |     865     |     865     | 8.65000E+02 |     865     | 0.00000E+00 
216| 86800  |     865     |     865     | 8.65000E+02 |     865     | 0.00000E+00 
217| 87200  |     865     |     865     | 8.65000E+02 |     865     | 0.00000E+00 
218| 87600  |     865     |     865     | 8.65000E+02 |     865     | 0.00000E+00 
219| 88000  |     865     |     865     | 8.65000E+02 |     865     | 0.00000E+00 
220| 88400  |     860     |     865     | 8.64977E+02 |     860     | 3.19365E-01 
221| 88800  |     860     |     865     | 8.64977E+02 |     860     | 3.19365E-01 
222| 89200  |     860     |     865     | 8.64947E+02 |     860     | 4.68768E-01 
223| 89600  |     860     |     865     | 8.64903E+02 |     860     | 6.30867E-01 
224| 90000  |     860     |     865     | 8.64840E+02 |     860     | 8.02745E-01 
225| 90400  |     860     |     865     | 8.64778E+02 |     860     | 9.39677E-01 
226| 90800  |     860     |     865     | 8.64658E+02 |     860     | 1.14245E+00 
227| 91200  |     860     |     865     | 8.64393E+02 |     860     | 1.46405E+00 
228| 91600  |     860     |     865     | 8.63972E+02 |     860     | 1.78794E+00 
229| 92000  |     860     |     865     | 8.63450E+02 |     860     | 2.00811E+00 
230| 92400  |     860     |     865     | 8.62750E+02 |     860     | 2.06942E+00 
231| 92800  |     860     |     865     | 8.61895E+02 |     860     | 1.80803E+00 
232| 93200  |     860     |     861     | 8.60840E+02 |     860     | 3.66606E-01 
233| 93600  |     860     |     861     | 8.60775E+02 |     860     | 4.17582E-01 
234| 94000  |     860     |     861     | 8.60675E+02 |     860     | 4.68375E-01 
235| 94400  |     860     |     861     | 8.60543E+02 |     860     | 4.98190E-01 
236| 94800  |     853     |     861     | 8.60340E+02 |     853     | 6.03656E-01 
237| 95200  |     853     |     861     | 8.60145E+02 |     853     | 5.13785E-01 
238| 95600  |     853     |     860     | 8.59982E+02 |     853     | 3.49562E-01 
239| 96000  |     853     |     860     | 8.59965E+02 |     853     | 4.93736E-01 
240| 96400  |     853     |     860     | 8.59930E+02 |     853     | 6.96491E-01 
241| 96800  |     853     |     860     | 8.59913E+02 |     853     | 7.77717E-01 
242| 97200  |     853     |     860     | 8.59830E+02 |     853     | 1.06588E+00 
243| 97600  |     853     |     860     | 8.59778E+02 |     853     | 1.21778E+00 
244| 98000  |     853     |     860     | 8.59720E+02 |     853     | 1.35337E+00 
245| 98400  |     853     |     860     | 8.59558E+02 |     853     | 1.68128E+00 
246| 98800  |     853     |     860     | 8.59295E+02 |     853     | 2.08877E+00 
247| 99200  |     853     |     860     | 8.58940E+02 |     853     | 2.48222E+00 
248| 99600  |     853     |     860     | 8.58508E+02 |     853     | 2.83107E+00 
249| 100000 |     853     |     860     | 8.58035E+02 |     853     | 3.09738E+00 
250| 100400 |     853     |     860     | 8.57205E+02 |     853     | 3.37461E+00 
251| 100800 |     853     |     860     | 8.56170E+02 |     853     | 3.39133E+00 
252| 101200 |     853     |     860     | 8.54680E+02 |     853     | 2.85878E+00 
253| 101600 |     853     |     858     | 8.53158E+02 |     853     | 6.76531E-01 
254| 102000 |     853     |     853     | 8.53000E+02 |     853     | 0.00000E+00 
255| 102400 |     853     |     853     | 8.53000E+02 |     853     | 0.00000E+00 
256| 102800 |     853     |     853     | 8.53000E+02 |     853     | 0.00000E+00 
257| 103200 |     853     |     853     | 8.53000E+02 |     853     | 0.00000E+00 
258| 103600 |     853     |     853     | 8.53000E+02 |     853     | 0.00000E+00 
259| 104000 |     853     |     853     | 8.53000E+02 |     853     | 0.00000E+00 
260| 104400 |     853     |     853     | 8.53000E+02 |     853     | 0.00000E+00 
261| 104800 |     853     |     853     | 8.53000E+02 |     853     | 0.00000E+00 
262| 105200 |     853     |     853     | 8.53000E+02 |     853     | 0.00000E+00 
263| 105600 |     853     |     853     | 8.53000E+02 |     853     | 0.00000E+00 
264| 106000 |     853     |     853     | 8.53000E+02 |     853     | 0.00000E+00 
265| 106400 |     853     |     853     | 8.53000E+02 |     853     | 0.00000E+00 
266| 106800 |     853     |     853     | 8.53000E+02 |     853     | 0.00000E+00 
267| 107200 |     853     |     853     | 8.53000E+02 |     853     | 0.00000E+00 
268| 107600 |     848     |     853     | 8.52987E+02 |     848     | 2.49687E-01 
269| 108000 |     848     |     853     | 8.52987E+02 |     848     | 2.49687E-01 
270| 108400 |     848     |     853     | 8.52975E+02 |     848     | 3.52668E-01 
271| 108800 |     848     |     853     | 8.52950E+02 |     848     | 4.97494E-01 
272| 109200 |     848     |     853     | 8.52908E+02 |     848     | 6.62528E-01 
273| 109600 |     848     |     853     | 8.52870E+02 |     848     | 7.86193E-01 
274| 110000 |     848     |     853     | 8.52820E+02 |     848     | 9.23363E-01 
275| 110400 |     848     |     853     | 8.52695E+02 |     848     | 1.17770E+00 
276| 110800 |     848     |     853     | 8.52477E+02 |     848     | 1.48980E+00 
277| 111200 |     848     |     853     | 8.52235E+02 |     848     | 1.75065E+00 
278| 111600 |     848     |     853     | 8.51857E+02 |     848     | 2.03524E+00 
279| 112000 |     848     |     853     | 8.51340E+02 |     848     | 2.27803E+00 
280| 112400 |     848     |     853     | 8.50477E+02 |     848     | 2.40718E+00 
281| 112800 |     848     |     853     | 8.49653E+02 |     848     | 2.23310E+00 
282| 113200 |     847     |     853     | 8.48560E+02 |     847     | 1.35514E+00 
283| 113600 |     847     |     848     | 8.47995E+02 |     847     | 7.05337E-02 
284| 114000 |     847     |     848     | 8.47992E+02 |     847     | 8.62772E-02 
285| 114400 |     847     |     848     | 8.47985E+02 |     847     | 1.21552E-01 
286| 114800 |     847     |     848     | 8.47985E+02 |     847     | 1.21552E-01 
287| 115200 |     846     |     848     | 8.47980E+02 |     846     | 1.56844E-01 
288| 115600 |     846     |     848     | 8.47967E+02 |     846     | 2.03577E-01 
289| 116000 |     846     |     848     | 8.47962E+02 |     846     | 2.14695E-01 
290| 116400 |     846     |     848     | 8.47933E+02 |     846     | 2.88000E-01 
291| 116800 |     846     |     848     | 8.47910E+02 |     846     | 3.41906E-01 
292| 117200 |     846     |     848     | 8.47885E+02 |     846     | 3.76530E-01 
293| 117600 |     846     |     848     | 8.47825E+02 |     846     | 4.52079E-01 
294| 118000 |     846     |     848     | 8.47760E+02 |     846     | 5.17107E-01 
种群信息导出完毕。
评价次数：118000
时间已过 89.75444912910461 秒
最小的救援时间为：846
最优的救援方案为：
第1辆车的救援路线：车库→受灾点5→避难所42→受灾点13→避难所40→救援结束
第2辆车的救援路线：车库→受灾点16→避难所45→受灾点21→避难所41→救援结束
第3辆车的救援路线：车库→受灾点5→避难所34→受灾点5→避难所34→受灾点7→避难所26→受灾点2→避难所30→受灾点11→避难所32→受灾点18→避难所34→救援结束
第4辆车的救援路线：车库→受灾点1→避难所34→受灾点5→避难所34→受灾点13→避难所41→受灾点13→避难所44→救援结束
第5辆车的救援路线：车库→受灾点13→避难所34→受灾点15→避难所26→受灾点7→避难所26→受灾点10→避难所40→受灾点2→避难所26→受灾点2→避难所34→救援结束
第6辆车的救援路线：车库→受灾点16→避难所26→受灾点5→避难所40→受灾点8→避难所34→受灾点18→避难所38→受灾点1→避难所34→救援结束
第7辆车的救援路线：车库→受灾点13→避难所34→救援结束
第8辆车的救援路线：车库→受灾点18→避难所32→受灾点2→避难所34→救援结束
第9辆车的救援路线：车库→受灾点2→避难所34→救援结束
第10辆车的救援路线：车库→受灾点16→避难所42→受灾点3→避难所33→受灾点14→避难所32→救援结束
第11辆车的救援路线：车库→受灾点16→避难所45→受灾点4→避难所31→受灾点11→避难所34→受灾点9→避难所32→救援结束
第12辆车的救援路线：车库→受灾点13→避难所34→受灾点22→避难所32→受灾点13→避难所35→救援结束
第13辆车的救援路线：车库→受灾点11→避难所43→受灾点16→避难所34→受灾点13→避难所34→救援结束
第14辆车的救援路线：车库→受灾点16→避难所38→受灾点5→避难所41→受灾点18→避难所45→受灾点6→避难所34→救援结束
第15辆车的救援路线：车库→受灾点19→避难所34→受灾点10→避难所45→受灾点11→避难所34→救援结束
第16辆车的救援路线：车库→受灾点16→避难所37→受灾点21→避难所34→救援结束
第17辆车的救援路线：车库→受灾点16→避难所38→受灾点16→避难所35→受灾点11→避难所46→救援结束
第18辆车的救援路线：车库→受灾点11→避难所34→受灾点13→避难所27→受灾点11→避难所32→受灾点6→避难所32→受灾点7→避难所41→救援结束
第19辆车的救援路线：车库→受灾点20→避难所28→救援结束
第20辆车的救援路线：车库→受灾点16→避难所27→受灾点13→避难所23→受灾点5→避难所27→受灾点5→避难所34→受灾点13→避难所34→救援结束
第21辆车的救援路线：车库→受灾点11→避难所34→受灾点16→避难所23→受灾点11→避难所42→救援结束
第22辆车的救援路线：车库→受灾点20→避难所32→受灾点18→避难所34→受灾点16→避难所34→救援结束
第23辆车的救援路线：车库→受灾点10→避难所32→受灾点13→避难所30→受灾点7→避难所28→受灾点5→避难所35→救援结束
第24辆车的救援路线：车库→受灾点16→避难所40→救援结束
第25辆车的救援路线：车库→受灾点16→避难所32→救援结束
第26辆车的救援路线：车库→受灾点14→避难所34→救援结束
第27辆车的救援路线：车库→受灾点16→避难所42→受灾点13→避难所35→救援结束
第28辆车的救援路线：车库→受灾点2→避难所40→受灾点16→避难所32→受灾点7→避难所32→受灾点21→避难所34→救援结束
第29辆车的救援路线：车库→受灾点11→避难所34→受灾点14→避难所32→受灾点6→避难所35→受灾点11→避难所40→救援结束
第30辆车的救援路线：车库→受灾点14→避难所34→救援结束
第31辆车的救援路线：车库→受灾点18→避难所32→救援结束
第32辆车的救援路线：车库→受灾点16→避难所42→救援结束
第33辆车的救援路线：车库→受灾点13→避难所34→受灾点13→避难所35→受灾点13→避难所34→救援结束
第34辆车的救援路线：车库→受灾点11→避难所34→受灾点22→避难所32→受灾点21→避难所34→受灾点18→避难所34→救援结束
第35辆车的救援路线：车库→受灾点10→避难所34→受灾点19→避难所42→受灾点15→避难所34→救援结束
第36辆车的救援路线：车库→受灾点6→避难所34→受灾点10→避难所34→受灾点10→避难所37→受灾点16→避难所45→受灾点16→避难所45→救援结束
第37辆车的救援路线：车库→受灾点18→避难所34→受灾点15→避难所33→救援结束
第38辆车的救援路线：车库→受灾点6→避难所32→受灾点10→避难所41→受灾点3→避难所34→救援结束
第39辆车的救援路线：车库→受灾点20→避难所42→受灾点6→避难所32→救援结束
第40辆车的救援路线：车库→受灾点18→避难所30→受灾点17→避难所34→受灾点10→避难所42→受灾点5→避难所26→救援结束
第41辆车的救援路线：车库→受灾点11→避难所32→受灾点13→避难所34→受灾点11→避难所38→受灾点7→避难所35→救援结束
第42辆车的救援路线：车库→受灾点16→避难所34→受灾点1→避难所34→受灾点8→避难所43→救援结束
第43辆车的救援路线：车库→受灾点21→避难所34→救援结束
第44辆车的救援路线：车库→受灾点20→避难所34→受灾点16→避难所34→受灾点7→避难所35→救援结束
第45辆车的救援路线：车库→受灾点7→避难所34→受灾点12→避难所42→救援结束
第46辆车的救援路线：车库→受灾点16→避难所38→受灾点16→避难所31→受灾点16→避难所35→救援结束
第47辆车的救援路线：车库→受灾点5→避难所34→受灾点5→避难所34→受灾点16→避难所34→受灾点16→避难所45→救援结束
第48辆车的救援路线：车库→受灾点18→避难所32→救援结束
第49辆车的救援路线：车库→受灾点10→避难所35→受灾点16→避难所40→受灾点5→避难所35→救援结束
第50辆车的救援路线：车库→受灾点18→避难所45→救援结束
