==================================================================================
gen|  eval  |    f_opt    |    f_max    |    f_avg    |    f_min    |    f_std    
----------------------------------------------------------------------------------
 0 |  400   |     1370    |     4872    | 2.52276E+03 |     1370    | 5.29250E+02 
 1 |  800   |     1370    |     2379    | 2.06743E+03 |     1370    | 2.18953E+02 
 2 |  1200  |     1370    |     2115    | 1.88807E+03 |     1370    | 1.57040E+02 
 3 |  1600  |     1370    |     1940    | 1.77219E+03 |     1370    | 1.19964E+02 
 4 |  2000  |     1370    |     1819    | 1.69204E+03 |     1370    | 9.73141E+01 
 5 |  2400  |     1364    |     1742    | 1.62632E+03 |     1364    | 9.01491E+01 
 6 |  2800  |     1311    |     1681    | 1.57129E+03 |     1311    | 8.35820E+01 
 7 |  3200  |     1266    |     1628    | 1.52451E+03 |     1266    | 7.67377E+01 
 8 |  3600  |     1232    |     1578    | 1.48474E+03 |     1232    | 6.83440E+01 
 9 |  4000  |     1232    |     1530    | 1.44588E+03 |     1232    | 5.72320E+01 
 10|  4400  |     1213    |     1489    | 1.41757E+03 |     1213    | 5.03735E+01 
 11|  4800  |     1213    |     1456    | 1.39520E+03 |     1213    | 4.75940E+01 
 12|  5200  |     1179    |     1435    | 1.37617E+03 |     1179    | 4.69481E+01 
 13|  5600  |     1179    |     1410    | 1.35501E+03 |     1179    | 4.53238E+01 
 14|  6000  |     1179    |     1391    | 1.33660E+03 |     1179    | 4.20302E+01 
 15|  6400  |     1154    |     1375    | 1.32030E+03 |     1154    | 4.12725E+01 
 16|  6800  |     1154    |     1355    | 1.30548E+03 |     1154    | 3.91771E+01 
 17|  7200  |     1112    |     1342    | 1.29383E+03 |     1112    | 3.95636E+01 
 18|  7600  |     1112    |     1327    | 1.28135E+03 |     1112    | 3.91511E+01 
 19|  8000  |     1112    |     1319    | 1.27203E+03 |     1112    | 3.92225E+01 
 20|  8400  |     1112    |     1306    | 1.25839E+03 |     1112    | 3.84971E+01 
 21|  8800  |     1104    |     1292    | 1.24411E+03 |     1104    | 3.87522E+01 
 22|  9200  |     1104    |     1270    | 1.22271E+03 |     1104    | 3.82467E+01 
 23|  9600  |     1074    |     1252    | 1.20475E+03 |     1074    | 3.77633E+01 
 24| 10000  |     1046    |     1231    | 1.18375E+03 |     1046    | 3.38372E+01 
 25| 10400  |     1020    |     1206    | 1.16623E+03 |     1020    | 3.09315E+01 
 26| 10800  |     1020    |     1185    | 1.15185E+03 |     1020    | 2.75695E+01 
 27| 11200  |     1020    |     1172    | 1.13996E+03 |     1020    | 2.51168E+01 
 28| 11600  |     1020    |     1158    | 1.12902E+03 |     1020    | 2.31486E+01 
 29| 12000  |     1020    |     1145    | 1.11839E+03 |     1020    | 2.17889E+01 
 30| 12400  |     1020    |     1137    | 1.11026E+03 |     1020    | 2.11210E+01 
 31| 12800  |     1020    |     1127    | 1.10218E+03 |     1020    | 2.10963E+01 
 32| 13200  |     1020    |     1120    | 1.09483E+03 |     1020    | 1.96661E+01 
 33| 13600  |     1019    |     1112    | 1.08754E+03 |     1019    | 1.91911E+01 
 34| 14000  |     1010    |     1104    | 1.07978E+03 |     1010    | 1.86919E+01 
 35| 14400  |     1010    |     1098    | 1.07452E+03 |     1010    | 1.84289E+01 
 36| 14800  |     1000    |     1092    | 1.06995E+03 |     1000    | 1.77199E+01 
 37| 15200  |     973     |     1085    | 1.06486E+03 |     973     | 1.78051E+01 
 38| 15600  |     969     |     1079    | 1.05828E+03 |     969     | 1.93061E+01 
 39| 16000  |     969     |     1075    | 1.05292E+03 |     969     | 1.94966E+01 
 40| 16400  |     969     |     1071    | 1.04882E+03 |     969     | 1.88316E+01 
 41| 16800  |     969     |     1066    | 1.04281E+03 |     969     | 1.86113E+01 
 42| 17200  |     969     |     1061    | 1.03710E+03 |     969     | 1.78917E+01 
 43| 17600  |     969     |     1054    | 1.03194E+03 |     969     | 1.74348E+01 
 44| 18000  |     956     |     1048    | 1.02809E+03 |     956     | 1.69926E+01 
 45| 18400  |     956     |     1044    | 1.02515E+03 |     956     | 1.69937E+01 
 46| 18800  |     956     |     1041    | 1.02101E+03 |     956     | 1.65045E+01 
 47| 19200  |     956     |     1036    | 1.01669E+03 |     956     | 1.62673E+01 
 48| 19600  |     927     |     1031    | 1.01182E+03 |     927     | 1.69896E+01 
 49| 20000  |     927     |     1029    | 1.00889E+03 |     927     | 1.64689E+01 
 50| 20400  |     927     |     1024    | 1.00495E+03 |     927     | 1.63015E+01 
 51| 20800  |     927     |     1020    | 1.00154E+03 |     927     | 1.52707E+01 
 52| 21200  |     927     |     1017    | 9.98455E+02 |     927     | 1.48658E+01 
 53| 21600  |     927     |     1014    | 9.94942E+02 |     927     | 1.49310E+01 
 54| 22000  |     927     |     1012    | 9.91992E+02 |     927     | 1.45586E+01 
 55| 22400  |     927     |     1010    | 9.89972E+02 |     927     | 1.38974E+01 
 56| 22800  |     927     |     1004    | 9.86595E+02 |     927     | 1.32550E+01 
 57| 23200  |     927     |     1000    | 9.83952E+02 |     927     | 1.33501E+01 
 58| 23600  |     927     |     997     | 9.81215E+02 |     927     | 1.30715E+01 
 59| 24000  |     927     |     995     | 9.78810E+02 |     927     | 1.30142E+01 
 60| 24400  |     927     |     991     | 9.74985E+02 |     927     | 1.34147E+01 
 61| 24800  |     927     |     988     | 9.72128E+02 |     927     | 1.35167E+01 
 62| 25200  |     906     |     985     | 9.69013E+02 |     906     | 1.37185E+01 
 63| 25600  |     906     |     983     | 9.66095E+02 |     906     | 1.38453E+01 
 64| 26000  |     906     |     979     | 9.62562E+02 |     906     | 1.40722E+01 
 65| 26400  |     906     |     976     | 9.59580E+02 |     906     | 1.35168E+01 
 66| 26800  |     906     |     973     | 9.56535E+02 |     906     | 1.34489E+01 
 67| 27200  |     906     |     971     | 9.54355E+02 |     906     | 1.29815E+01 
 68| 27600  |     898     |     968     | 9.51308E+02 |     898     | 1.29911E+01 
 69| 28000  |     895     |     964     | 9.48210E+02 |     895     | 1.31964E+01 
 70| 28400  |     895     |     961     | 9.45602E+02 |     895     | 1.30086E+01 
 71| 28800  |     895     |     959     | 9.43655E+02 |     895     | 1.30060E+01 
 72| 29200  |     895     |     956     | 9.41735E+02 |     895     | 1.27536E+01 
 73| 29600  |     895     |     954     | 9.38935E+02 |     895     | 1.24543E+01 
 74| 30000  |     889     |     952     | 9.36175E+02 |     889     | 1.25594E+01 
 75| 30400  |     889     |     950     | 9.34067E+02 |     889     | 1.22102E+01 
 76| 30800  |     889     |     948     | 9.31510E+02 |     889     | 1.13833E+01 
 77| 31200  |     889     |     944     | 9.28880E+02 |     889     | 1.03037E+01 
 78| 31600  |     889     |     942     | 9.26445E+02 |     889     | 9.49905E+00 
 79| 32000  |     889     |     937     | 9.24260E+02 |     889     | 8.39419E+00 
 80| 32400  |     889     |     933     | 9.22523E+02 |     889     | 7.93974E+00 
 81| 32800  |     889     |     930     | 9.20553E+02 |     889     | 7.98481E+00 
 82| 33200  |     889     |     929     | 9.19360E+02 |     889     | 7.89464E+00 
 83| 33600  |     888     |     927     | 9.17582E+02 |     888     | 8.08753E+00 
 84| 34000  |     880     |     927     | 9.15862E+02 |     880     | 7.95258E+00 
 85| 34400  |     880     |     925     | 9.14082E+02 |     880     | 7.21808E+00 
 86| 34800  |     879     |     922     | 9.12528E+02 |     879     | 7.06925E+00 
 87| 35200  |     869     |     920     | 9.10755E+02 |     869     | 7.23014E+00 
 88| 35600  |     869     |     917     | 9.09442E+02 |     869     | 7.10505E+00 
 89| 36000  |     869     |     915     | 9.07503E+02 |     869     | 7.72010E+00 
 90| 36400  |     869     |     914     | 9.06148E+02 |     869     | 8.09696E+00 
 91| 36800  |     869     |     913     | 9.04428E+02 |     869     | 8.15044E+00 
 92| 37200  |     869     |     911     | 9.02378E+02 |     869     | 8.37735E+00 
 93| 37600  |     869     |     909     | 9.00707E+02 |     869     | 8.45204E+00 
 94| 38000  |     869     |     908     | 8.98985E+02 |     869     | 8.77524E+00 
 95| 38400  |     869     |     906     | 8.97160E+02 |     869     | 8.88619E+00 
 96| 38800  |     869     |     906     | 8.95295E+02 |     869     | 8.54564E+00 
 97| 39200  |     869     |     905     | 8.92915E+02 |     869     | 8.02233E+00 
 98| 39600  |     869     |     901     | 8.90645E+02 |     869     | 7.52423E+00 
 99| 40000  |     869     |     898     | 8.88153E+02 |     869     | 6.71187E+00 
100| 40400  |     867     |     893     | 8.85997E+02 |     867     | 6.21027E+00 
101| 40800  |     867     |     890     | 8.84383E+02 |     867     | 6.71090E+00 
102| 41200  |     867     |     889     | 8.83067E+02 |     867     | 7.06632E+00 
103| 41600  |     867     |     888     | 8.81732E+02 |     867     | 7.29355E+00 
104| 42000  |     867     |     888     | 8.79878E+02 |     867     | 7.44933E+00 
105| 42400  |     856     |     888     | 8.77918E+02 |     856     | 7.22293E+00 
106| 42800  |     856     |     886     | 8.75253E+02 |     856     | 6.24530E+00 
107| 43200  |     855     |     882     | 8.72857E+02 |     855     | 4.75207E+00 
108| 43600  |     855     |     878     | 8.70737E+02 |     855     | 3.45740E+00 
109| 44000  |     848     |     873     | 8.69003E+02 |     848     | 2.80401E+00 
110| 44400  |     848     |     869     | 8.68185E+02 |     848     | 3.20090E+00 
111| 44800  |     848     |     869     | 8.67975E+02 |     848     | 3.54180E+00 
112| 45200  |     848     |     869     | 8.67413E+02 |     848     | 4.31884E+00 
113| 45600  |     848     |     869     | 8.66442E+02 |     848     | 5.25183E+00 
114| 46000  |     848     |     869     | 8.65283E+02 |     848     | 5.87900E+00 
115| 46400  |     847     |     869     | 8.63867E+02 |     847     | 6.34901E+00 
116| 46800  |     846     |     869     | 8.61425E+02 |     846     | 6.58744E+00 
117| 47200  |     846     |     869     | 8.59065E+02 |     846     | 5.75159E+00 
118| 47600  |     846     |     864     | 8.56195E+02 |     846     | 3.36556E+00 
119| 48000  |     842     |     859     | 8.54750E+02 |     842     | 2.49750E+00 
120| 48400  |     842     |     856     | 8.54000E+02 |     842     | 2.76225E+00 
121| 48800  |     842     |     855     | 8.53442E+02 |     842     | 3.08329E+00 
122| 49200  |     842     |     855     | 8.52760E+02 |     842     | 3.48459E+00 
123| 49600  |     842     |     855     | 8.51883E+02 |     842     | 3.80772E+00 
124| 50000  |     842     |     855     | 8.50610E+02 |     842     | 3.88624E+00 
125| 50400  |     842     |     855     | 8.49340E+02 |     842     | 3.58461E+00 
126| 50800  |     842     |     853     | 8.47725E+02 |     842     | 2.40819E+00 
127| 51200  |     842     |     849     | 8.46835E+02 |     842     | 1.99819E+00 
128| 51600  |     842     |     848     | 8.46430E+02 |     842     | 2.18634E+00 
129| 52000  |     842     |     848     | 8.45842E+02 |     842     | 2.31575E+00 
130| 52400  |     842     |     848     | 8.45365E+02 |     842     | 2.31555E+00 
131| 52800  |     842     |     848     | 8.44553E+02 |     842     | 2.13945E+00 
132| 53200  |     842     |     846     | 8.43800E+02 |     842     | 1.92354E+00 
133| 53600  |     842     |     846     | 8.43130E+02 |     842     | 1.71117E+00 
134| 54000  |     842     |     846     | 8.42195E+02 |     842     | 6.30060E-01 
135| 54400  |     842     |     842     | 8.42000E+02 |     842     | 0.00000E+00 
136| 54800  |     842     |     842     | 8.42000E+02 |     842     | 0.00000E+00 
137| 55200  |     842     |     842     | 8.42000E+02 |     842     | 0.00000E+00 
138| 55600  |     842     |     842     | 8.42000E+02 |     842     | 0.00000E+00 
139| 56000  |     842     |     842     | 8.42000E+02 |     842     | 0.00000E+00 
140| 56400  |     840     |     842     | 8.41995E+02 |     840     | 9.98749E-02 
141| 56800  |     840     |     842     | 8.41990E+02 |     840     | 1.41067E-01 
142| 57200  |     840     |     842     | 8.41987E+02 |     840     | 1.49478E-01 
143| 57600  |     840     |     842     | 8.41977E+02 |     840     | 2.04924E-01 
144| 58000  |     840     |     842     | 8.41965E+02 |     840     | 2.52537E-01 
145| 58400  |     840     |     842     | 8.41955E+02 |     840     | 2.88054E-01 
146| 58800  |     840     |     842     | 8.41940E+02 |     840     | 3.26190E-01 
147| 59200  |     840     |     842     | 8.41890E+02 |     840     | 4.39204E-01 
148| 59600  |     838     |     842     | 8.41820E+02 |     838     | 5.72364E-01 
149| 60000  |     838     |     842     | 8.41750E+02 |     838     | 6.53835E-01 
150| 60400  |     838     |     842     | 8.41675E+02 |     838     | 7.24137E-01 
151| 60800  |     838     |     842     | 8.41487E+02 |     838     | 9.13698E-01 
152| 61200  |     838     |     842     | 8.41357E+02 |     838     | 9.87266E-01 
153| 61600  |     838     |     842     | 8.41140E+02 |     838     | 1.07257E+00 
154| 62000  |     838     |     842     | 8.40908E+02 |     838     | 1.08349E+00 
155| 62400  |     838     |     842     | 8.40455E+02 |     838     | 1.03101E+00 
156| 62800  |     838     |     842     | 8.40000E+02 |     838     | 7.71362E-01 
157| 63200  |     838     |     840     | 8.39775E+02 |     838     | 6.31961E-01 
158| 63600  |     838     |     840     | 8.39715E+02 |     838     | 6.99124E-01 
159| 64000  |     838     |     840     | 8.39605E+02 |     838     | 7.96225E-01 
160| 64400  |     838     |     840     | 8.39485E+02 |     838     | 8.74514E-01 
161| 64800  |     838     |     840     | 8.39300E+02 |     838     | 9.53939E-01 
162| 65200  |     838     |     840     | 8.38995E+02 |     838     | 9.99987E-01 
163| 65600  |     838     |     840     | 8.38725E+02 |     838     | 9.61444E-01 
164| 66000  |     838     |     840     | 8.38410E+02 |     838     | 8.07403E-01 
165| 66400  |     838     |     840     | 8.38060E+02 |     838     | 3.41174E-01 
166| 66800  |     838     |     838     | 8.38000E+02 |     838     | 0.00000E+00 
167| 67200  |     838     |     838     | 8.38000E+02 |     838     | 0.00000E+00 
168| 67600  |     838     |     838     | 8.38000E+02 |     838     | 0.00000E+00 
169| 68000  |     838     |     838     | 8.38000E+02 |     838     | 0.00000E+00 
170| 68400  |     838     |     838     | 8.38000E+02 |     838     | 0.00000E+00 
171| 68800  |     838     |     838     | 8.38000E+02 |     838     | 0.00000E+00 
172| 69200  |     838     |     838     | 8.38000E+02 |     838     | 0.00000E+00 
173| 69600  |     838     |     838     | 8.38000E+02 |     838     | 0.00000E+00 
174| 70000  |     838     |     838     | 8.38000E+02 |     838     | 0.00000E+00 
175| 70400  |     838     |     838     | 8.38000E+02 |     838     | 0.00000E+00 
176| 70800  |     838     |     838     | 8.38000E+02 |     838     | 0.00000E+00 
177| 71200  |     838     |     838     | 8.38000E+02 |     838     | 0.00000E+00 
178| 71600  |     838     |     838     | 8.38000E+02 |     838     | 0.00000E+00 
179| 72000  |     838     |     838     | 8.38000E+02 |     838     | 0.00000E+00 
180| 72400  |     837     |     838     | 8.37997E+02 |     837     | 4.99375E-02 
181| 72800  |     837     |     838     | 8.37997E+02 |     837     | 4.99375E-02 
182| 73200  |     837     |     838     | 8.37997E+02 |     837     | 4.99375E-02 
183| 73600  |     837     |     838     | 8.37997E+02 |     837     | 4.99375E-02 
184| 74000  |     837     |     838     | 8.37997E+02 |     837     | 4.99375E-02 
185| 74400  |     837     |     838     | 8.37997E+02 |     837     | 4.99375E-02 
186| 74800  |     837     |     838     | 8.37995E+02 |     837     | 7.05337E-02 
187| 75200  |     837     |     838     | 8.37995E+02 |     837     | 7.05337E-02 
188| 75600  |     837     |     838     | 8.37992E+02 |     837     | 8.62772E-02 
189| 76000  |     837     |     838     | 8.37990E+02 |     837     | 9.94987E-02 
190| 76400  |     837     |     838     | 8.37985E+02 |     837     | 1.21552E-01 
191| 76800  |     837     |     838     | 8.37982E+02 |     837     | 1.31125E-01 
192| 77200  |     837     |     838     | 8.37980E+02 |     837     | 1.40000E-01 
193| 77600  |     837     |     838     | 8.37980E+02 |     837     | 1.40000E-01 
194| 78000  |     837     |     838     | 8.37972E+02 |     837     | 1.63535E-01 
195| 78400  |     837     |     838     | 8.37965E+02 |     837     | 1.83780E-01 
196| 78800  |     837     |     838     | 8.37947E+02 |     837     | 2.23033E-01 
197| 79200  |     835     |     838     | 8.37913E+02 |     835     | 3.07967E-01 
198| 79600  |     835     |     838     | 8.37885E+02 |     835     | 3.41724E-01 
199| 80000  |     835     |     838     | 8.37842E+02 |     835     | 3.90760E-01 
200| 80400  |     835     |     838     | 8.37783E+02 |     835     | 4.58469E-01 
201| 80800  |     835     |     838     | 8.37712E+02 |     835     | 4.99844E-01 
202| 81200  |     835     |     838     | 8.37605E+02 |     835     | 5.55855E-01 
203| 81600  |     835     |     838     | 8.37487E+02 |     835     | 5.87234E-01 
204| 82000  |     835     |     838     | 8.37303E+02 |     835     | 5.92447E-01 
205| 82400  |     835     |     838     | 8.37067E+02 |     835     | 5.17633E-01 
206| 82800  |     835     |     837     | 8.36885E+02 |     835     | 3.69831E-01 
207| 83200  |     835     |     837     | 8.36832E+02 |     835     | 4.23608E-01 
208| 83600  |     833     |     837     | 8.36755E+02 |     833     | 5.24381E-01 
209| 84000  |     833     |     837     | 8.36658E+02 |     833     | 6.08435E-01 
210| 84400  |     833     |     837     | 8.36513E+02 |     833     | 6.92708E-01 
211| 84800  |     833     |     837     | 8.36335E+02 |     833     | 7.79599E-01 
212| 85200  |     827     |     837     | 8.36100E+02 |     827     | 9.46044E-01 
213| 85600  |     827     |     837     | 8.35803E+02 |     827     | 9.42599E-01 
214| 86000  |     827     |     836     | 8.35625E+02 |     827     | 9.02427E-01 
215| 86400  |     827     |     836     | 8.35485E+02 |     827     | 1.02702E+00 
216| 86800  |     827     |     836     | 8.35360E+02 |     827     | 1.07257E+00 
217| 87200  |     827     |     836     | 8.35145E+02 |     827     | 1.14192E+00 
218| 87600  |     827     |     836     | 8.34847E+02 |     827     | 1.33201E+00 
219| 88000  |     827     |     836     | 8.34525E+02 |     827     | 1.35439E+00 
220| 88400  |     827     |     836     | 8.34075E+02 |     827     | 1.38361E+00 
221| 88800  |     827     |     835     | 8.33763E+02 |     827     | 1.37335E+00 
222| 89200  |     827     |     835     | 8.33367E+02 |     827     | 1.34069E+00 
223| 89600  |     827     |     834     | 8.32957E+02 |     827     | 1.32691E+00 
224| 90000  |     827     |     834     | 8.32678E+02 |     827     | 1.39230E+00 
225| 90400  |     827     |     833     | 8.32420E+02 |     827     | 1.51776E+00 
226| 90800  |     827     |     833     | 8.32217E+02 |     827     | 1.73211E+00 
227| 91200  |     817     |     833     | 8.31972E+02 |     817     | 2.03267E+00 
228| 91600  |     817     |     833     | 8.31688E+02 |     817     | 2.17941E+00 
229| 92000  |     817     |     833     | 8.31255E+02 |     817     | 2.33238E+00 
230| 92400  |     817     |     833     | 8.30678E+02 |     817     | 2.51068E+00 
231| 92800  |     817     |     833     | 8.29850E+02 |     817     | 2.40468E+00 
232| 93200  |     817     |     833     | 8.29035E+02 |     817     | 2.08537E+00 
233| 93600  |     817     |     831     | 8.28332E+02 |     817     | 1.67539E+00 
234| 94000  |     817     |     829     | 8.27680E+02 |     817     | 1.49251E+00 
235| 94400  |     817     |     828     | 8.27587E+02 |     817     | 1.47558E+00 
236| 94800  |     817     |     828     | 8.27440E+02 |     817     | 1.73678E+00 
237| 95200  |     817     |     828     | 8.27288E+02 |     817     | 1.87879E+00 
238| 95600  |     817     |     828     | 8.27035E+02 |     817     | 2.17917E+00 
239| 96000  |     817     |     828     | 8.26773E+02 |     817     | 2.41469E+00 
240| 96400  |     817     |     828     | 8.26435E+02 |     817     | 2.65156E+00 
241| 96800  |     817     |     828     | 8.26038E+02 |     817     | 2.89242E+00 
242| 97200  |     817     |     827     | 8.25620E+02 |     817     | 3.30463E+00 
243| 97600  |     817     |     827     | 8.25040E+02 |     817     | 3.80111E+00 
244| 98000  |     817     |     827     | 8.24183E+02 |     817     | 4.29758E+00 
245| 98400  |     817     |     827     | 8.23097E+02 |     817     | 4.65811E+00 
246| 98800  |     817     |     827     | 8.21860E+02 |     817     | 4.72868E+00 
247| 99200  |     817     |     827     | 8.20185E+02 |     817     | 4.26389E+00 
248| 99600  |     811     |     826     | 8.18475E+02 |     811     | 3.12800E+00 
249| 100000 |     811     |     817     | 8.16985E+02 |     811     | 2.99625E-01 
250| 100400 |     811     |     817     | 8.16985E+02 |     811     | 2.99625E-01 
251| 100800 |     811     |     817     | 8.16985E+02 |     811     | 2.99625E-01 
252| 101200 |     811     |     817     | 8.16970E+02 |     811     | 4.23202E-01 
253| 101600 |     811     |     817     | 8.16957E+02 |     811     | 4.59014E-01 
254| 102000 |     811     |     817     | 8.16940E+02 |     811     | 5.01398E-01 
255| 102400 |     811     |     817     | 8.16900E+02 |     811     | 6.67083E-01 
256| 102800 |     811     |     817     | 8.16865E+02 |     811     | 7.52845E-01 
257| 103200 |     811     |     817     | 8.16795E+02 |     811     | 9.04420E-01 
258| 103600 |     811     |     817     | 8.16725E+02 |     811     | 9.99687E-01 
259| 104000 |     811     |     817     | 8.16615E+02 |     811     | 1.15403E+00 
260| 104400 |     811     |     817     | 8.16475E+02 |     811     | 1.31885E+00 
261| 104800 |     811     |     817     | 8.16283E+02 |     811     | 1.46550E+00 
262| 105200 |     811     |     817     | 8.15985E+02 |     811     | 1.65220E+00 
263| 105600 |     811     |     817     | 8.15585E+02 |     811     | 1.78963E+00 
264| 106000 |     811     |     817     | 8.15138E+02 |     811     | 1.84894E+00 
265| 106400 |     811     |     817     | 8.14572E+02 |     811     | 1.79018E+00 
266| 106800 |     811     |     815     | 8.13878E+02 |     811     | 1.62404E+00 
267| 107200 |     811     |     815     | 8.13378E+02 |     811     | 1.76635E+00 
268| 107600 |     811     |     815     | 8.12685E+02 |     811     | 1.70170E+00 
269| 108000 |     811     |     814     | 8.11867E+02 |     811     | 1.34348E+00 
270| 108400 |     811     |     814     | 8.11135E+02 |     811     | 5.80323E-01 
271| 108800 |     810     |     811     | 8.10997E+02 |     810     | 4.99375E-02 
272| 109200 |     810     |     811     | 8.10997E+02 |     810     | 4.99375E-02 
273| 109600 |     810     |     811     | 8.10997E+02 |     810     | 4.99375E-02 
274| 110000 |     810     |     811     | 8.10995E+02 |     810     | 7.05337E-02 
275| 110400 |     810     |     811     | 8.10990E+02 |     810     | 9.94987E-02 
276| 110800 |     810     |     811     | 8.10990E+02 |     810     | 9.94987E-02 
277| 111200 |     810     |     811     | 8.10982E+02 |     810     | 1.31125E-01 
278| 111600 |     810     |     811     | 8.10967E+02 |     810     | 1.77324E-01 
279| 112000 |     810     |     811     | 8.10952E+02 |     810     | 2.12706E-01 
280| 112400 |     810     |     811     | 8.10928E+02 |     810     | 2.59314E-01 
281| 112800 |     810     |     811     | 8.10888E+02 |     810     | 3.15981E-01 
282| 113200 |     810     |     811     | 8.10835E+02 |     810     | 3.71181E-01 
283| 113600 |     810     |     811     | 8.10765E+02 |     810     | 4.23999E-01 
284| 114000 |     810     |     811     | 8.10653E+02 |     810     | 4.76176E-01 
285| 114400 |     810     |     811     | 8.10518E+02 |     810     | 4.99694E-01 
286| 114800 |     810     |     811     | 8.10370E+02 |     810     | 4.82804E-01 
287| 115200 |     810     |     811     | 8.10130E+02 |     810     | 3.36303E-01 
288| 115600 |     810     |     810     | 8.10000E+02 |     810     | 0.00000E+00 
289| 116000 |     810     |     810     | 8.10000E+02 |     810     | 0.00000E+00 
290| 116400 |     810     |     810     | 8.10000E+02 |     810     | 0.00000E+00 
291| 116800 |     810     |     810     | 8.10000E+02 |     810     | 0.00000E+00 
292| 117200 |     810     |     810     | 8.10000E+02 |     810     | 0.00000E+00 
293| 117600 |     810     |     810     | 8.10000E+02 |     810     | 0.00000E+00 
种群信息导出完毕。
评价次数：117600
时间已过 91.08931255340576 秒
最小的救援时间为：810
最优的救援方案为：
第1辆车的救援路线：车库→受灾点10→避难所32→受灾点5→避难所35→救援结束
第2辆车的救援路线：车库→受灾点11→避难所42→受灾点16→避难所26→救援结束
第3辆车的救援路线：车库→受灾点21→避难所38→受灾点18→避难所44→受灾点16→避难所38→受灾点17→避难所32→救援结束
第4辆车的救援路线：车库→受灾点9→避难所34→救援结束
第5辆车的救援路线：车库→受灾点13→避难所33→受灾点20→避难所41→救援结束
第6辆车的救援路线：车库→受灾点15→避难所42→受灾点6→避难所34→受灾点20→避难所34→救援结束
第7辆车的救援路线：车库→受灾点15→避难所42→受灾点18→避难所35→救援结束
第8辆车的救援路线：车库→受灾点11→避难所34→救援结束
第9辆车的救援路线：车库→受灾点13→避难所34→救援结束
第10辆车的救援路线：车库→受灾点16→避难所34→受灾点8→避难所34→受灾点18→避难所32→受灾点2→避难所34→救援结束
第11辆车的救援路线：车库→受灾点12→避难所45→受灾点16→避难所44→受灾点2→避难所41→受灾点5→避难所34→救援结束
第12辆车的救援路线：车库→受灾点20→避难所35→救援结束
第13辆车的救援路线：车库→受灾点7→避难所32→受灾点6→避难所46→受灾点14→避难所34→受灾点11→避难所34→救援结束
第14辆车的救援路线：车库→受灾点5→避难所41→救援结束
第15辆车的救援路线：车库→受灾点16→避难所45→救援结束
第16辆车的救援路线：车库→受灾点16→避难所34→受灾点16→避难所37→受灾点16→避难所23→救援结束
第17辆车的救援路线：车库→受灾点13→避难所26→受灾点16→避难所32→受灾点2→避难所30→受灾点14→避难所34→受灾点5→避难所38→救援结束
第18辆车的救援路线：车库→受灾点18→避难所34→救援结束
第19辆车的救援路线：车库→受灾点16→避难所40→受灾点4→避难所29→救援结束
第20辆车的救援路线：车库→受灾点16→避难所34→受灾点2→避难所45→受灾点11→避难所34→受灾点6→避难所32→救援结束
第21辆车的救援路线：车库→受灾点13→避难所42→受灾点13→避难所41→受灾点18→避难所37→救援结束
第22辆车的救援路线：车库→受灾点18→避难所42→受灾点7→避难所37→受灾点19→避难所32→受灾点10→避难所40→救援结束
第23辆车的救援路线：车库→受灾点16→避难所45→受灾点16→避难所35→受灾点10→避难所38→受灾点18→避难所26→救援结束
第24辆车的救援路线：车库→受灾点10→避难所41→受灾点11→避难所34→受灾点5→避难所32→救援结束
第25辆车的救援路线：车库→受灾点5→避难所29→受灾点7→避难所37→受灾点7→避难所45→受灾点16→避难所35→救援结束
第26辆车的救援路线：车库→受灾点16→避难所35→受灾点3→避难所23→受灾点7→避难所45→救援结束
第27辆车的救援路线：车库→受灾点10→避难所34→受灾点18→避难所42→受灾点13→避难所32→救援结束
第28辆车的救援路线：车库→受灾点1→避难所30→受灾点21→避难所26→受灾点6→避难所34→受灾点5→避难所34→受灾点13→避难所42→救援结束
第29辆车的救援路线：车库→受灾点16→避难所34→受灾点16→避难所34→受灾点13→避难所34→救援结束
第30辆车的救援路线：车库→受灾点14→避难所26→受灾点16→避难所26→受灾点16→避难所34→受灾点11→避难所38→救援结束
第31辆车的救援路线：车库→受灾点13→避难所27→受灾点11→避难所35→救援结束
第32辆车的救援路线：车库→受灾点16→避难所34→受灾点18→避难所37→受灾点13→避难所34→救援结束
第33辆车的救援路线：车库→受灾点6→避难所45→受灾点16→避难所42→受灾点11→避难所35→救援结束
第34辆车的救援路线：车库→受灾点1→避难所34→受灾点6→避难所34→受灾点13→避难所34→受灾点3→避难所32→救援结束
第35辆车的救援路线：车库→受灾点11→避难所41→救援结束
第36辆车的救援路线：车库→受灾点18→避难所26→受灾点11→避难所34→受灾点11→避难所34→受灾点7→避难所44→救援结束
第37辆车的救援路线：车库→受灾点16→避难所42→受灾点22→避难所34→受灾点21→避难所45→救援结束
第38辆车的救援路线：车库→受灾点13→避难所42→受灾点16→避难所34→救援结束
第39辆车的救援路线：车库→受灾点1→避难所30→受灾点16→避难所26→受灾点7→避难所30→受灾点16→避难所26→受灾点5→避难所35→救援结束
第40辆车的救援路线：车库→受灾点2→避难所32→受灾点5→避难所32→受灾点22→避难所26→受灾点15→避难所45→受灾点10→避难所34→救援结束
第41辆车的救援路线：车库→受灾点5→避难所34→受灾点10→避难所42→受灾点10→避难所45→受灾点14→避难所32→救援结束
第42辆车的救援路线：车库→受灾点5→避难所35→受灾点2→避难所32→受灾点5→避难所40→受灾点13→避难所32→救援结束
第43辆车的救援路线：车库→受灾点16→避难所34→救援结束
第44辆车的救援路线：车库→受灾点21→避难所32→受灾点11→避难所42→救援结束
第45辆车的救援路线：车库→受灾点19→避难所45→救援结束
第46辆车的救援路线：车库→受灾点11→避难所41→救援结束
第47辆车的救援路线：车库→受灾点13→避难所34→受灾点10→避难所35→受灾点13→避难所34→救援结束
第48辆车的救援路线：车库→受灾点13→避难所34→受灾点8→避难所38→受灾点11→避难所34→受灾点5→避难所34→受灾点18→避难所26→救援结束
第49辆车的救援路线：车库→受灾点16→避难所26→受灾点13→避难所40→受灾点20→避难所34→救援结束
第50辆车的救援路线：车库→受灾点21→避难所41→受灾点7→避难所40→救援结束
