==================================================================================
gen|  eval  |    f_opt    |    f_max    |    f_avg    |    f_min    |    f_std    
----------------------------------------------------------------------------------
 0 |  400   |     1447    |     5423    | 2.59439E+03 |     1447    | 5.96623E+02 
 1 |  800   |     1415    |     2386    | 2.09037E+03 |     1415    | 2.00113E+02 
 2 |  1200  |     1415    |     2119    | 1.90325E+03 |     1415    | 1.49014E+02 
 3 |  1600  |     1316    |     1966    | 1.80249E+03 |     1316    | 1.27280E+02 
 4 |  2000  |     1305    |     1858    | 1.70985E+03 |     1305    | 1.09054E+02 
 5 |  2400  |     1305    |     1773    | 1.64984E+03 |     1305    | 9.04447E+01 
 6 |  2800  |     1305    |     1708    | 1.59589E+03 |     1305    | 8.02471E+01 
 7 |  3200  |     1305    |     1656    | 1.56038E+03 |     1305    | 7.09084E+01 
 8 |  3600  |     1258    |     1609    | 1.52039E+03 |     1258    | 6.56532E+01 
 9 |  4000  |     1248    |     1573    | 1.49206E+03 |     1248    | 5.87864E+01 
 10|  4400  |     1205    |     1539    | 1.46828E+03 |     1205    | 5.52219E+01 
 11|  4800  |     1198    |     1515    | 1.44407E+03 |     1198    | 5.58066E+01 
 12|  5200  |     1198    |     1483    | 1.41895E+03 |     1198    | 5.39461E+01 
 13|  5600  |     1163    |     1458    | 1.39504E+03 |     1163    | 5.62510E+01 
 14|  6000  |     1163    |     1443    | 1.37627E+03 |     1163    | 5.52592E+01 
 15|  6400  |     1088    |     1422    | 1.35185E+03 |     1088    | 5.73056E+01 
 16|  6800  |     1088    |     1396    | 1.32903E+03 |     1088    | 5.30958E+01 
 17|  7200  |     1088    |     1369    | 1.30848E+03 |     1088    | 4.88287E+01 
 18|  7600  |     1088    |     1346    | 1.28748E+03 |     1088    | 4.67280E+01 
 19|  8000  |     1076    |     1324    | 1.26931E+03 |     1076    | 4.65880E+01 
 20|  8400  |     1076    |     1305    | 1.25081E+03 |     1076    | 4.50728E+01 
 21|  8800  |     1063    |     1285    | 1.23062E+03 |     1063    | 4.52717E+01 
 22|  9200  |     1057    |     1263    | 1.20856E+03 |     1057    | 4.62967E+01 
 23|  9600  |     1023    |     1242    | 1.18793E+03 |     1023    | 4.75109E+01 
 24| 10000  |     1023    |     1220    | 1.16214E+03 |     1023    | 4.63828E+01 
 25| 10400  |     1007    |     1191    | 1.13476E+03 |     1007    | 4.02481E+01 
 26| 10800  |     961     |     1153    | 1.10830E+03 |     961     | 3.43777E+01 
 27| 11200  |     961     |     1126    | 1.08680E+03 |     961     | 2.83641E+01 
 28| 11600  |     961     |     1103    | 1.06944E+03 |     961     | 2.68011E+01 
 29| 12000  |     961     |     1085    | 1.05288E+03 |     961     | 2.40100E+01 
 30| 12400  |     961     |     1066    | 1.03943E+03 |     961     | 2.08235E+01 
 31| 12800  |     956     |     1055    | 1.02914E+03 |     956     | 1.82859E+01 
 32| 13200  |     920     |     1044    | 1.02090E+03 |     920     | 1.74425E+01 
 33| 13600  |     920     |     1035    | 1.01395E+03 |     920     | 1.66151E+01 
 34| 14000  |     920     |     1024    | 1.00623E+03 |     920     | 1.62589E+01 
 35| 14400  |     920     |     1019    | 1.00008E+03 |     920     | 1.54222E+01 
 36| 14800  |     920     |     1011    | 9.92852E+02 |     920     | 1.59142E+01 
 37| 15200  |     920     |     1005    | 9.88202E+02 |     920     | 1.57303E+01 
 38| 15600  |     920     |     1002    | 9.83097E+02 |     920     | 1.54448E+01 
 39| 16000  |     880     |     996     | 9.79143E+02 |     880     | 1.55789E+01 
 40| 16400  |     880     |     992     | 9.75067E+02 |     880     | 1.49904E+01 
 41| 16800  |     880     |     987     | 9.70275E+02 |     880     | 1.48581E+01 
 42| 17200  |     880     |     982     | 9.66060E+02 |     880     | 1.49940E+01 
 43| 17600  |     867     |     979     | 9.61160E+02 |     867     | 1.54872E+01 
 44| 18000  |     867     |     974     | 9.55955E+02 |     867     | 1.49689E+01 
 45| 18400  |     867     |     970     | 9.52580E+02 |     867     | 1.41260E+01 
 46| 18800  |     867     |     964     | 9.48617E+02 |     867     | 1.39902E+01 
 47| 19200  |     867     |     960     | 9.44030E+02 |     867     | 1.44343E+01 
 48| 19600  |     867     |     956     | 9.41798E+02 |     867     | 1.40167E+01 
 49| 20000  |     867     |     952     | 9.37665E+02 |     867     | 1.53702E+01 
 50| 20400  |     867     |     950     | 9.35130E+02 |     867     | 1.53575E+01 
 51| 20800  |     867     |     948     | 9.31940E+02 |     867     | 1.53921E+01 
 52| 21200  |     867     |     944     | 9.28298E+02 |     867     | 1.57184E+01 
 53| 21600  |     861     |     942     | 9.23992E+02 |     861     | 1.60204E+01 
 54| 22000  |     861     |     937     | 9.21173E+02 |     861     | 1.65223E+01 
 55| 22400  |     861     |     935     | 9.18362E+02 |     861     | 1.66629E+01 
 56| 22800  |     861     |     932     | 9.14660E+02 |     861     | 1.70925E+01 
 57| 23200  |     853     |     928     | 9.10150E+02 |     853     | 1.77063E+01 
 58| 23600  |     853     |     926     | 9.05878E+02 |     853     | 1.79345E+01 
 59| 24000  |     853     |     920     | 8.99178E+02 |     853     | 1.80512E+01 
 60| 24400  |     853     |     917     | 8.93105E+02 |     853     | 1.64503E+01 
 61| 24800  |     853     |     909     | 8.85710E+02 |     853     | 1.37935E+01 
 62| 25200  |     853     |     897     | 8.79280E+02 |     853     | 1.00288E+01 
 63| 25600  |     853     |     888     | 8.74685E+02 |     853     | 7.92911E+00 
 64| 26000  |     853     |     880     | 8.71700E+02 |     853     | 6.96814E+00 
 65| 26400  |     853     |     880     | 8.69067E+02 |     853     | 5.96598E+00 
 66| 26800  |     853     |     875     | 8.66405E+02 |     853     | 4.17863E+00 
 67| 27200  |     853     |     867     | 8.65158E+02 |     853     | 3.98782E+00 
 68| 27600  |     845     |     867     | 8.64585E+02 |     845     | 4.47580E+00 
 69| 28000  |     845     |     867     | 8.63995E+02 |     845     | 4.84716E+00 
 70| 28400  |     845     |     867     | 8.63077E+02 |     845     | 5.21503E+00 
 71| 28800  |     845     |     867     | 8.61865E+02 |     845     | 5.56208E+00 
 72| 29200  |     845     |     867     | 8.60450E+02 |     845     | 5.59218E+00 
 73| 29600  |     845     |     867     | 8.59120E+02 |     845     | 5.36615E+00 
 74| 30000  |     842     |     866     | 8.57230E+02 |     842     | 4.63650E+00 
 75| 30400  |     832     |     864     | 8.55730E+02 |     832     | 3.96889E+00 
 76| 30800  |     832     |     860     | 8.54495E+02 |     832     | 3.36526E+00 
 77| 31200  |     832     |     859     | 8.53572E+02 |     832     | 2.86265E+00 
 78| 31600  |     832     |     855     | 8.52735E+02 |     832     | 2.94275E+00 
 79| 32000  |     832     |     855     | 8.52245E+02 |     832     | 2.98412E+00 
 80| 32400  |     832     |     853     | 8.51862E+02 |     832     | 3.28079E+00 
 81| 32800  |     832     |     853     | 8.51577E+02 |     832     | 3.68700E+00 
 82| 33200  |     832     |     853     | 8.50935E+02 |     832     | 4.46159E+00 
 83| 33600  |     832     |     853     | 8.50173E+02 |     832     | 5.06732E+00 
 84| 34000  |     832     |     853     | 8.49337E+02 |     832     | 5.60835E+00 
 85| 34400  |     823     |     853     | 8.48635E+02 |     823     | 5.95624E+00 
 86| 34800  |     822     |     853     | 8.47492E+02 |     822     | 6.39296E+00 
 87| 35200  |     822     |     853     | 8.46645E+02 |     822     | 6.42915E+00 
 88| 35600  |     822     |     853     | 8.44972E+02 |     822     | 6.45730E+00 
 89| 36000  |     822     |     852     | 8.43210E+02 |     822     | 5.97879E+00 
 90| 36400  |     822     |     849     | 8.41673E+02 |     822     | 5.47725E+00 
 91| 36800  |     822     |     847     | 8.40403E+02 |     822     | 5.40976E+00 
 92| 37200  |     822     |     845     | 8.39285E+02 |     822     | 5.50534E+00 
 93| 37600  |     799     |     845     | 8.38212E+02 |     799     | 5.70152E+00 
 94| 38000  |     799     |     844     | 8.37112E+02 |     799     | 5.34835E+00 
 95| 38400  |     799     |     842     | 8.35970E+02 |     799     | 5.49219E+00 
 96| 38800  |     799     |     842     | 8.34607E+02 |     799     | 5.66731E+00 
 97| 39200  |     799     |     840     | 8.33342E+02 |     799     | 5.24788E+00 
 98| 39600  |     799     |     838     | 8.32138E+02 |     799     | 5.07283E+00 
 99| 40000  |     799     |     836     | 8.31288E+02 |     799     | 4.62870E+00 
100| 40400  |     799     |     834     | 8.30383E+02 |     799     | 5.20780E+00 
101| 40800  |     799     |     834     | 8.29638E+02 |     799     | 5.72242E+00 
102| 41200  |     792     |     832     | 8.28567E+02 |     792     | 6.55595E+00 
103| 41600  |     792     |     832     | 8.27638E+02 |     792     | 7.01185E+00 
104| 42000  |     792     |     832     | 8.26258E+02 |     792     | 7.66428E+00 
105| 42400  |     792     |     832     | 8.24633E+02 |     792     | 7.92259E+00 
106| 42800  |     792     |     832     | 8.22212E+02 |     792     | 8.11679E+00 
107| 43200  |     792     |     828     | 8.19350E+02 |     792     | 8.08904E+00 
108| 43600  |     792     |     824     | 8.17290E+02 |     792     | 8.62299E+00 
109| 44000  |     792     |     822     | 8.15480E+02 |     792     | 9.30616E+00 
110| 44400  |     792     |     822     | 8.12967E+02 |     792     | 1.00929E+01 
111| 44800  |     792     |     822     | 8.10117E+02 |     792     | 1.02080E+01 
112| 45200  |     792     |     821     | 8.06390E+02 |     792     | 9.21943E+00 
113| 45600  |     792     |     816     | 8.02923E+02 |     792     | 7.11136E+00 
114| 46000  |     792     |     811     | 7.99938E+02 |     792     | 5.32622E+00 
115| 46400  |     792     |     804     | 7.97442E+02 |     792     | 3.24526E+00 
116| 46800  |     791     |     799     | 7.96668E+02 |     791     | 3.19327E+00 
117| 47200  |     791     |     799     | 7.96080E+02 |     791     | 3.34269E+00 
118| 47600  |     791     |     799     | 7.95390E+02 |     791     | 3.36569E+00 
119| 48000  |     791     |     799     | 7.94490E+02 |     791     | 3.19295E+00 
120| 48400  |     791     |     799     | 7.93405E+02 |     791     | 2.58476E+00 
121| 48800  |     791     |     798     | 7.92465E+02 |     791     | 1.43658E+00 
122| 49200  |     791     |     792     | 7.91977E+02 |     791     | 1.48303E-01 
123| 49600  |     791     |     792     | 7.91972E+02 |     791     | 1.63535E-01 
124| 50000  |     791     |     792     | 7.91957E+02 |     791     | 2.01727E-01 
125| 50400  |     791     |     792     | 7.91950E+02 |     791     | 2.17945E-01 
126| 50800  |     791     |     792     | 7.91940E+02 |     791     | 2.37487E-01 
127| 51200  |     791     |     792     | 7.91928E+02 |     791     | 2.59314E-01 
128| 51600  |     791     |     792     | 7.91918E+02 |     791     | 2.75125E-01 
129| 52000  |     779     |     792     | 7.91835E+02 |     779     | 7.95472E-01 
130| 52400  |     779     |     792     | 7.91812E+02 |     779     | 8.04577E-01 
131| 52800  |     779     |     792     | 7.91735E+02 |     779     | 1.03912E+00 
132| 53200  |     779     |     792     | 7.91582E+02 |     779     | 1.44506E+00 
133| 53600  |     779     |     792     | 7.91492E+02 |     779     | 1.47307E+00 
134| 54000  |     779     |     792     | 7.91330E+02 |     779     | 1.71788E+00 
135| 54400  |     779     |     792     | 7.91207E+02 |     779     | 1.76194E+00 
136| 54800  |     779     |     792     | 7.91015E+02 |     779     | 1.89731E+00 
137| 55200  |     779     |     792     | 7.90832E+02 |     779     | 1.96455E+00 
138| 55600  |     779     |     792     | 7.90575E+02 |     779     | 2.20213E+00 
139| 56000  |     779     |     791     | 7.90335E+02 |     779     | 2.37018E+00 
140| 56400  |     779     |     791     | 7.90143E+02 |     779     | 2.63006E+00 
141| 56800  |     779     |     791     | 7.89778E+02 |     779     | 3.13496E+00 
142| 57200  |     779     |     791     | 7.89423E+02 |     779     | 3.43788E+00 
143| 57600  |     779     |     791     | 7.88913E+02 |     779     | 3.87103E+00 
144| 58000  |     779     |     791     | 7.88528E+02 |     779     | 4.09197E+00 
145| 58400  |     779     |     791     | 7.87808E+02 |     779     | 4.40913E+00 
146| 58800  |     779     |     791     | 7.86985E+02 |     779     | 4.67437E+00 
147| 59200  |     779     |     791     | 7.85980E+02 |     779     | 4.72013E+00 
148| 59600  |     779     |     791     | 7.85050E+02 |     779     | 4.55220E+00 
149| 60000  |     779     |     791     | 7.83628E+02 |     779     | 4.01544E+00 
150| 60400  |     779     |     788     | 7.82572E+02 |     779     | 3.53762E+00 
151| 60800  |     779     |     786     | 7.81790E+02 |     779     | 3.28343E+00 
152| 61200  |     779     |     786     | 7.81065E+02 |     779     | 3.00596E+00 
153| 61600  |     779     |     786     | 7.80270E+02 |     779     | 2.45502E+00 
154| 62000  |     779     |     785     | 7.79355E+02 |     779     | 1.11534E+00 
155| 62400  |     779     |     779     | 7.79000E+02 |     779     | 0.00000E+00 
156| 62800  |     779     |     779     | 7.79000E+02 |     779     | 0.00000E+00 
157| 63200  |     779     |     779     | 7.79000E+02 |     779     | 0.00000E+00 
158| 63600  |     779     |     779     | 7.79000E+02 |     779     | 0.00000E+00 
159| 64000  |     779     |     779     | 7.79000E+02 |     779     | 0.00000E+00 
160| 64400  |     779     |     779     | 7.79000E+02 |     779     | 0.00000E+00 
161| 64800  |     779     |     779     | 7.79000E+02 |     779     | 0.00000E+00 
162| 65200  |     779     |     779     | 7.79000E+02 |     779     | 0.00000E+00 
163| 65600  |     779     |     779     | 7.79000E+02 |     779     | 0.00000E+00 
164| 66000  |     779     |     779     | 7.79000E+02 |     779     | 0.00000E+00 
165| 66400  |     779     |     779     | 7.79000E+02 |     779     | 0.00000E+00 
166| 66800  |     779     |     779     | 7.79000E+02 |     779     | 0.00000E+00 
167| 67200  |     779     |     779     | 7.79000E+02 |     779     | 0.00000E+00 
168| 67600  |     779     |     779     | 7.79000E+02 |     779     | 0.00000E+00 
169| 68000  |     779     |     779     | 7.79000E+02 |     779     | 0.00000E+00 
170| 68400  |     779     |     779     | 7.79000E+02 |     779     | 0.00000E+00 
171| 68800  |     779     |     779     | 7.79000E+02 |     779     | 0.00000E+00 
172| 69200  |     779     |     779     | 7.79000E+02 |     779     | 0.00000E+00 
173| 69600  |     779     |     779     | 7.79000E+02 |     779     | 0.00000E+00 
174| 70000  |     779     |     779     | 7.79000E+02 |     779     | 0.00000E+00 
175| 70400  |     779     |     779     | 7.79000E+02 |     779     | 0.00000E+00 
176| 70800  |     779     |     779     | 7.79000E+02 |     779     | 0.00000E+00 
177| 71200  |     779     |     779     | 7.79000E+02 |     779     | 0.00000E+00 
178| 71600  |     779     |     779     | 7.79000E+02 |     779     | 0.00000E+00 
179| 72000  |     779     |     779     | 7.79000E+02 |     779     | 0.00000E+00 
180| 72400  |     779     |     779     | 7.79000E+02 |     779     | 0.00000E+00 
181| 72800  |     774     |     779     | 7.78987E+02 |     774     | 2.49687E-01 
182| 73200  |     772     |     779     | 7.78970E+02 |     772     | 4.29069E-01 
183| 73600  |     772     |     779     | 7.78952E+02 |     772     | 5.52489E-01 
184| 74000  |     772     |     779     | 7.78952E+02 |     772     | 5.52489E-01 
185| 74400  |     772     |     779     | 7.78935E+02 |     772     | 6.13005E-01 
186| 74800  |     772     |     779     | 7.78935E+02 |     772     | 6.13005E-01 
187| 75200  |     772     |     779     | 7.78918E+02 |     772     | 7.04055E-01 
188| 75600  |     772     |     779     | 7.78900E+02 |     772     | 7.84219E-01 
189| 76000  |     772     |     779     | 7.78900E+02 |     772     | 7.84219E-01 
190| 76400  |     772     |     779     | 7.78852E+02 |     772     | 9.54329E-01 
191| 76800  |     772     |     779     | 7.78845E+02 |     772     | 9.64870E-01 
192| 77200  |     771     |     779     | 7.78795E+02 |     771     | 1.12159E+00 
193| 77600  |     771     |     779     | 7.78753E+02 |     771     | 1.21912E+00 
194| 78000  |     771     |     779     | 7.78670E+02 |     771     | 1.37517E+00 
195| 78400  |     770     |     779     | 7.78630E+02 |     770     | 1.46222E+00 
196| 78800  |     770     |     779     | 7.78533E+02 |     770     | 1.68195E+00 
197| 79200  |     770     |     779     | 7.78380E+02 |     770     | 1.91979E+00 
198| 79600  |     770     |     779     | 7.78222E+02 |     770     | 2.13026E+00 
199| 80000  |     770     |     779     | 7.78035E+02 |     770     | 2.35346E+00 
200| 80400  |     770     |     779     | 7.77845E+02 |     770     | 2.51316E+00 
201| 80800  |     770     |     779     | 7.77633E+02 |     770     | 2.70693E+00 
202| 81200  |     759     |     779     | 7.77308E+02 |     759     | 3.03034E+00 
203| 81600  |     759     |     779     | 7.76960E+02 |     759     | 3.19193E+00 
204| 82000  |     759     |     779     | 7.76360E+02 |     759     | 3.38901E+00 
205| 82400  |     759     |     779     | 7.75592E+02 |     759     | 3.69682E+00 
206| 82800  |     759     |     779     | 7.74638E+02 |     759     | 3.78300E+00 
207| 83200  |     759     |     779     | 7.73413E+02 |     759     | 3.65135E+00 
208| 83600  |     759     |     777     | 7.71840E+02 |     759     | 3.14554E+00 
209| 84000  |     759     |     774     | 7.70920E+02 |     759     | 3.24324E+00 
210| 84400  |     759     |     772     | 7.70165E+02 |     759     | 3.56760E+00 
211| 84800  |     755     |     772     | 7.69423E+02 |     755     | 4.06682E+00 
212| 85200  |     755     |     772     | 7.68688E+02 |     755     | 4.46652E+00 
213| 85600  |     755     |     772     | 7.67550E+02 |     755     | 4.82208E+00 
214| 86000  |     755     |     771     | 7.66337E+02 |     755     | 5.08366E+00 
215| 86400  |     755     |     770     | 7.64628E+02 |     755     | 5.12238E+00 
216| 86800  |     755     |     770     | 7.62775E+02 |     755     | 4.77539E+00 
217| 87200  |     755     |     768     | 7.60815E+02 |     755     | 3.45627E+00 
218| 87600  |     755     |     764     | 7.59072E+02 |     755     | 1.35176E+00 
219| 88000  |     755     |     759     | 7.58685E+02 |     755     | 1.00786E+00 
220| 88400  |     755     |     759     | 7.58577E+02 |     755     | 1.15715E+00 
221| 88800  |     755     |     759     | 7.58447E+02 |     755     | 1.28540E+00 
222| 89200  |     755     |     759     | 7.58253E+02 |     755     | 1.44525E+00 
223| 89600  |     755     |     759     | 7.57865E+02 |     755     | 1.66787E+00 
224| 90000  |     755     |     759     | 7.57337E+02 |     755     | 1.80239E+00 
225| 90400  |     755     |     759     | 7.56860E+02 |     755     | 1.79455E+00 
226| 90800  |     755     |     759     | 7.56280E+02 |     755     | 1.62530E+00 
227| 91200  |     755     |     759     | 7.55660E+02 |     755     | 1.11328E+00 
228| 91600  |     755     |     757     | 7.55242E+02 |     755     | 6.31422E-01 
229| 92000  |     755     |     755     | 7.55000E+02 |     755     | 0.00000E+00 
230| 92400  |     755     |     755     | 7.55000E+02 |     755     | 0.00000E+00 
231| 92800  |     755     |     755     | 7.55000E+02 |     755     | 0.00000E+00 
232| 93200  |     755     |     755     | 7.55000E+02 |     755     | 0.00000E+00 
233| 93600  |     755     |     755     | 7.55000E+02 |     755     | 0.00000E+00 
234| 94000  |     755     |     755     | 7.55000E+02 |     755     | 0.00000E+00 
235| 94400  |     755     |     755     | 7.55000E+02 |     755     | 0.00000E+00 
236| 94800  |     754     |     755     | 7.54997E+02 |     754     | 4.99375E-02 
237| 95200  |     754     |     755     | 7.54997E+02 |     754     | 4.99375E-02 
238| 95600  |     754     |     755     | 7.54997E+02 |     754     | 4.99375E-02 
239| 96000  |     754     |     755     | 7.54997E+02 |     754     | 4.99375E-02 
240| 96400  |     754     |     755     | 7.54997E+02 |     754     | 4.99375E-02 
241| 96800  |     754     |     755     | 7.54997E+02 |     754     | 4.99375E-02 
242| 97200  |     754     |     755     | 7.54997E+02 |     754     | 4.99375E-02 
243| 97600  |     754     |     755     | 7.54997E+02 |     754     | 4.99375E-02 
244| 98000  |     754     |     755     | 7.54997E+02 |     754     | 4.99375E-02 
245| 98400  |     745     |     755     | 7.54972E+02 |     745     | 5.01741E-01 
246| 98800  |     744     |     755     | 7.54945E+02 |     744     | 7.42950E-01 
247| 99200  |     744     |     755     | 7.54945E+02 |     744     | 7.42950E-01 
248| 99600  |     744     |     755     | 7.54945E+02 |     744     | 7.42950E-01 
249| 100000 |     744     |     755     | 7.54942E+02 |     744     | 7.44442E-01 
250| 100400 |     744     |     755     | 7.54938E+02 |     744     | 7.47391E-01 
251| 100800 |     744     |     755     | 7.54938E+02 |     744     | 7.47391E-01 
252| 101200 |     744     |     755     | 7.54913E+02 |     744     | 8.97131E-01 
253| 101600 |     744     |     755     | 7.54913E+02 |     744     | 8.97131E-01 
254| 102000 |     744     |     755     | 7.54883E+02 |     744     | 1.02650E+00 
255| 102400 |     744     |     755     | 7.54878E+02 |     744     | 1.02835E+00 
256| 102800 |     744     |     755     | 7.54817E+02 |     744     | 1.28421E+00 
257| 103200 |     744     |     755     | 7.54705E+02 |     744     | 1.64559E+00 
258| 103600 |     744     |     755     | 7.54592E+02 |     744     | 1.92131E+00 
259| 104000 |     744     |     755     | 7.54405E+02 |     744     | 2.29477E+00 
260| 104400 |     744     |     755     | 7.54212E+02 |     744     | 2.61100E+00 
261| 104800 |     744     |     755     | 7.53967E+02 |     744     | 2.94813E+00 
262| 105200 |     744     |     755     | 7.53773E+02 |     744     | 3.16002E+00 
263| 105600 |     744     |     755     | 7.53327E+02 |     744     | 3.60281E+00 
264| 106000 |     744     |     755     | 7.52942E+02 |     744     | 3.89091E+00 
265| 106400 |     744     |     755     | 7.52235E+02 |     744     | 4.27549E+00 
266| 106800 |     739     |     755     | 7.51145E+02 |     739     | 4.65499E+00 
267| 107200 |     739     |     755     | 7.49875E+02 |     739     | 4.79889E+00 
268| 107600 |     739     |     754     | 7.47900E+02 |     739     | 4.42210E+00 
269| 108000 |     739     |     754     | 7.45525E+02 |     739     | 2.75942E+00 
270| 108400 |     739     |     745     | 7.44500E+02 |     739     | 9.38083E-01 
271| 108800 |     739     |     745     | 7.44278E+02 |     739     | 1.06325E+00 
272| 109200 |     739     |     745     | 7.44013E+02 |     739     | 1.14776E+00 
273| 109600 |     739     |     744     | 7.43628E+02 |     739     | 1.29566E+00 
274| 110000 |     739     |     744     | 7.43508E+02 |     739     | 1.46967E+00 
275| 110400 |     739     |     744     | 7.43253E+02 |     739     | 1.75890E+00 
276| 110800 |     739     |     744     | 7.42835E+02 |     739     | 2.08992E+00 
277| 111200 |     739     |     744     | 7.42288E+02 |     739     | 2.34091E+00 
278| 111600 |     737     |     744     | 7.41492E+02 |     737     | 2.46677E+00 
279| 112000 |     737     |     744     | 7.40707E+02 |     737     | 2.31775E+00 
280| 112400 |     737     |     744     | 7.39670E+02 |     737     | 1.61124E+00 
281| 112800 |     737     |     739     | 7.38990E+02 |     737     | 1.41067E-01 
282| 113200 |     737     |     739     | 7.38990E+02 |     737     | 1.41067E-01 
283| 113600 |     737     |     739     | 7.38977E+02 |     737     | 2.04924E-01 
284| 114000 |     737     |     739     | 7.38967E+02 |     737     | 2.47878E-01 
285| 114400 |     736     |     739     | 7.38933E+02 |     736     | 3.64615E-01 
286| 114800 |     736     |     739     | 7.38893E+02 |     736     | 4.48267E-01 
287| 115200 |     736     |     739     | 7.38865E+02 |     736     | 4.96765E-01 
288| 115600 |     735     |     739     | 7.38817E+02 |     735     | 5.86680E-01 
289| 116000 |     735     |     739     | 7.38717E+02 |     735     | 7.19509E-01 
290| 116400 |     735     |     739     | 7.38590E+02 |     735     | 8.46699E-01 
291| 116800 |     730     |     739     | 7.38375E+02 |     730     | 1.20597E+00 
292| 117200 |     730     |     739     | 7.38120E+02 |     730     | 1.38766E+00 
293| 117600 |     730     |     739     | 7.37727E+02 |     730     | 1.51600E+00 
294| 118000 |     730     |     739     | 7.37285E+02 |     730     | 1.65643E+00 
种群信息导出完毕。
评价次数：118000
时间已过 93.76983046531677 秒
最小的救援时间为：730
最优的救援方案为：
第1辆车的救援路线：车库→受灾点16→避难所31→受灾点14→避难所34→受灾点13→避难所32→救援结束
第2辆车的救援路线：车库→受灾点6→避难所26→受灾点11→避难所30→受灾点13→避难所30→受灾点16→避难所45→受灾点16→避难所34→救援结束
第3辆车的救援路线：车库→受灾点21→避难所40→受灾点13→避难所42→受灾点10→避难所34→救援结束
第4辆车的救援路线：车库→受灾点16→避难所34→受灾点8→避难所29→救援结束
第5辆车的救援路线：车库→受灾点16→避难所45→受灾点7→避难所34→受灾点1→避难所34→受灾点11→避难所28→救援结束
第6辆车的救援路线：车库→受灾点10→避难所34→受灾点16→避难所26→受灾点13→避难所42→救援结束
第7辆车的救援路线：车库→受灾点15→避难所34→受灾点18→避难所32→受灾点18→避难所34→救援结束
第8辆车的救援路线：车库→受灾点5→避难所26→受灾点11→避难所26→受灾点2→避难所37→受灾点2→避难所34→受灾点11→避难所34→受灾点5→避难所30→救援结束
第9辆车的救援路线：车库→受灾点8→避难所35→受灾点5→避难所34→受灾点6→避难所34→救援结束
第10辆车的救援路线：车库→受灾点2→避难所38→受灾点6→避难所27→受灾点21→避难所38→受灾点5→避难所34→受灾点22→避难所34→救援结束
第11辆车的救援路线：车库→受灾点7→避难所33→受灾点16→避难所38→受灾点19→避难所24→救援结束
第12辆车的救援路线：车库→受灾点18→避难所42→受灾点14→避难所32→救援结束
第13辆车的救援路线：车库→受灾点13→避难所34→救援结束
第14辆车的救援路线：车库→受灾点11→避难所34→救援结束
第15辆车的救援路线：车库→受灾点1→避难所37→受灾点16→避难所30→受灾点11→避难所34→受灾点6→避难所35→救援结束
第16辆车的救援路线：车库→受灾点2→避难所26→受灾点16→避难所42→受灾点20→避难所39→救援结束
第17辆车的救援路线：车库→受灾点9→避难所40→受灾点21→避难所35→受灾点7→避难所34→救援结束
第18辆车的救援路线：车库→受灾点4→避难所35→受灾点10→避难所45→受灾点5→避难所34→救援结束
第19辆车的救援路线：车库→受灾点5→避难所34→受灾点13→避难所34→受灾点13→避难所41→救援结束
第20辆车的救援路线：车库→受灾点16→避难所40→受灾点16→避难所34→受灾点18→避难所32→救援结束
第21辆车的救援路线：车库→受灾点13→避难所34→受灾点16→避难所34→受灾点10→避难所35→救援结束
第22辆车的救援路线：车库→受灾点16→避难所34→受灾点21→避难所32→受灾点6→避难所45→救援结束
第23辆车的救援路线：车库→受灾点16→避难所45→受灾点20→避难所35→受灾点10→避难所32→救援结束
第24辆车的救援路线：车库→受灾点13→避难所34→受灾点7→避难所35→救援结束
第25辆车的救援路线：车库→受灾点10→避难所45→受灾点13→避难所31→受灾点21→避难所34→救援结束
第26辆车的救援路线：车库→受灾点20→避难所34→受灾点20→避难所35→救援结束
第27辆车的救援路线：车库→受灾点18→避难所34→受灾点11→避难所38→受灾点16→避难所42→救援结束
第28辆车的救援路线：车库→受灾点16→避难所45→受灾点18→避难所34→受灾点6→避难所34→受灾点11→避难所26→救援结束
第29辆车的救援路线：车库→受灾点16→避难所34→救援结束
第30辆车的救援路线：车库→受灾点5→避难所32→救援结束
第31辆车的救援路线：车库→受灾点7→避难所37→受灾点7→避难所34→受灾点22→避难所34→受灾点11→避难所34→救援结束
第32辆车的救援路线：车库→受灾点13→避难所32→受灾点15→避难所36→救援结束
第33辆车的救援路线：车库→受灾点5→避难所34→受灾点16→避难所38→受灾点10→避难所34→受灾点14→避难所38→救援结束
第34辆车的救援路线：车库→受灾点18→避难所42→受灾点16→避难所35→救援结束
第35辆车的救援路线：车库→受灾点12→避难所42→受灾点11→避难所34→受灾点18→避难所29→救援结束
第36辆车的救援路线：车库→受灾点16→避难所34→救援结束
第37辆车的救援路线：车库→受灾点7→避难所37→受灾点11→避难所46→受灾点3→避难所34→受灾点2→避难所34→救援结束
第38辆车的救援路线：车库→受灾点13→避难所42→救援结束
第39辆车的救援路线：车库→受灾点16→避难所31→受灾点13→避难所23→受灾点3→避难所34→救援结束
第40辆车的救援路线：车库→受灾点14→避难所46→受灾点16→避难所42→救援结束
第41辆车的救援路线：车库→受灾点16→避难所32→救援结束
第42辆车的救援路线：车库→受灾点13→避难所34→受灾点18→避难所45→受灾点16→避难所32→受灾点5→避难所30→救援结束
第43辆车的救援路线：车库→受灾点7→避难所32→受灾点19→避难所34→受灾点16→避难所35→救援结束
第44辆车的救援路线：车库→受灾点16→避难所42→受灾点5→避难所45→救援结束
第45辆车的救援路线：车库→受灾点5→避难所34→受灾点5→避难所30→受灾点15→避难所41→受灾点10→避难所32→救援结束
第46辆车的救援路线：车库→受灾点5→避难所34→救援结束
第47辆车的救援路线：车库→受灾点13→避难所34→受灾点11→避难所38→受灾点17→避难所34→受灾点13→避难所42→救援结束
第48辆车的救援路线：车库→受灾点1→避难所39→受灾点11→避难所47→受灾点2→避难所36→受灾点11→避难所35→救援结束
第49辆车的救援路线：车库→受灾点13→避难所34→救援结束
第50辆车的救援路线：车库→受灾点18→避难所38→受灾点10→避难所34→受灾点16→避难所36→受灾点18→避难所34→救援结束
