==================================================================================
gen|  eval  |    f_opt    |    f_max    |    f_avg    |    f_min    |    f_std    
----------------------------------------------------------------------------------
 0 |  400   |     1565    |     6140    | 2.64631E+03 |     1565    | 6.65621E+02 
 1 |  800   |     1409    |     2404    | 2.06609E+03 |     1409    | 2.15507E+02 
 2 |  1200  |     1398    |     2088    | 1.87378E+03 |     1398    | 1.46315E+02 
 3 |  1600  |     1374    |     1941    | 1.77217E+03 |     1374    | 1.22417E+02 
 4 |  2000  |     1322    |     1831    | 1.69799E+03 |     1322    | 1.04855E+02 
 5 |  2400  |     1286    |     1756    | 1.63920E+03 |     1286    | 9.65185E+01 
 6 |  2800  |     1269    |     1698    | 1.58091E+03 |     1269    | 8.80318E+01 
 7 |  3200  |     1269    |     1638    | 1.53445E+03 |     1269    | 8.12196E+01 
 8 |  3600  |     1221    |     1590    | 1.49493E+03 |     1221    | 7.39318E+01 
 9 |  4000  |     1221    |     1553    | 1.45870E+03 |     1221    | 6.73234E+01 
 10|  4400  |     1219    |     1510    | 1.42554E+03 |     1219    | 6.21112E+01 
 11|  4800  |     1219    |     1470    | 1.39603E+03 |     1219    | 5.65964E+01 
 12|  5200  |     1219    |     1440    | 1.37238E+03 |     1219    | 5.07190E+01 
 13|  5600  |     1208    |     1415    | 1.35187E+03 |     1208    | 4.56685E+01 
 14|  6000  |     1172    |     1385    | 1.32684E+03 |     1172    | 4.21593E+01 
 15|  6400  |     1146    |     1359    | 1.31079E+03 |     1146    | 3.88968E+01 
 16|  6800  |     1146    |     1341    | 1.29727E+03 |     1146    | 3.81017E+01 
 17|  7200  |     1146    |     1324    | 1.28045E+03 |     1146    | 3.70472E+01 
 18|  7600  |     1146    |     1311    | 1.26593E+03 |     1146    | 3.60051E+01 
 19|  8000  |     1146    |     1296    | 1.25267E+03 |     1146    | 3.25853E+01 
 20|  8400  |     1139    |     1284    | 1.24174E+03 |     1139    | 2.97003E+01 
 21|  8800  |     1123    |     1269    | 1.23191E+03 |     1123    | 2.80831E+01 
 22|  9200  |     1103    |     1257    | 1.22203E+03 |     1103    | 2.79096E+01 
 23|  9600  |     1103    |     1246    | 1.21382E+03 |     1103    | 2.80763E+01 
 24| 10000  |     1086    |     1238    | 1.20328E+03 |     1086    | 2.78447E+01 
 25| 10400  |     1086    |     1228    | 1.19289E+03 |     1086    | 2.67199E+01 
 26| 10800  |     1054    |     1215    | 1.18054E+03 |     1054    | 2.58073E+01 
 27| 11200  |     1054    |     1201    | 1.17090E+03 |     1054    | 2.35652E+01 
 28| 11600  |     1054    |     1187    | 1.15964E+03 |     1054    | 2.38528E+01 
 29| 12000  |     1054    |     1175    | 1.14818E+03 |     1054    | 2.50053E+01 
 30| 12400  |     951     |     1166    | 1.13605E+03 |     951     | 2.62533E+01 
 31| 12800  |     951     |     1151    | 1.12164E+03 |     951     | 2.75516E+01 
 32| 13200  |     951     |     1140    | 1.10833E+03 |     951     | 2.75815E+01 
 33| 13600  |     951     |     1126    | 1.09696E+03 |     951     | 2.56550E+01 
 34| 14000  |     951     |     1116    | 1.08679E+03 |     951     | 2.54106E+01 
 35| 14400  |     951     |     1104    | 1.07685E+03 |     951     | 2.49322E+01 
 36| 14800  |     951     |     1094    | 1.06763E+03 |     951     | 2.47165E+01 
 37| 15200  |     951     |     1082    | 1.05885E+03 |     951     | 2.48388E+01 
 38| 15600  |     951     |     1077    | 1.04950E+03 |     951     | 2.51112E+01 
 39| 16000  |     949     |     1068    | 1.04029E+03 |     949     | 2.46670E+01 
 40| 16400  |     936     |     1060    | 1.03254E+03 |     936     | 2.38513E+01 
 41| 16800  |     935     |     1052    | 1.02421E+03 |     935     | 2.32898E+01 
 42| 17200  |     935     |     1045    | 1.01609E+03 |     935     | 2.15703E+01 
 43| 17600  |     935     |     1036    | 1.01055E+03 |     935     | 2.01489E+01 
 44| 18000  |     935     |     1028    | 1.00426E+03 |     935     | 1.88390E+01 
 45| 18400  |     935     |     1021    | 9.99087E+02 |     935     | 1.80207E+01 
 46| 18800  |     935     |     1017    | 9.94760E+02 |     935     | 1.78832E+01 
 47| 19200  |     935     |     1012    | 9.90630E+02 |     935     | 1.71563E+01 
 48| 19600  |     935     |     1006    | 9.85640E+02 |     935     | 1.64334E+01 
 49| 20000  |     935     |     1002    | 9.81320E+02 |     935     | 1.61698E+01 
 50| 20400  |     926     |     996     | 9.76503E+02 |     926     | 1.63095E+01 
 51| 20800  |     926     |     992     | 9.72428E+02 |     926     | 1.51689E+01 
 52| 21200  |     925     |     988     | 9.67837E+02 |     925     | 1.48345E+01 
 53| 21600  |     923     |     980     | 9.62457E+02 |     923     | 1.38554E+01 
 54| 22000  |     923     |     976     | 9.56923E+02 |     923     | 1.24421E+01 
 55| 22400  |     923     |     969     | 9.51810E+02 |     923     | 1.02788E+01 
 56| 22800  |     923     |     962     | 9.48250E+02 |     923     | 8.04689E+00 
 57| 23200  |     921     |     954     | 9.44428E+02 |     921     | 6.28727E+00 
 58| 23600  |     918     |     951     | 9.42173E+02 |     918     | 5.70682E+00 
 59| 24000  |     918     |     947     | 9.40332E+02 |     918     | 4.61594E+00 
 60| 24400  |     918     |     946     | 9.38840E+02 |     918     | 4.24846E+00 
 61| 24800  |     918     |     941     | 9.37423E+02 |     918     | 4.05820E+00 
 62| 25200  |     913     |     939     | 9.36857E+02 |     913     | 4.51134E+00 
 63| 25600  |     913     |     939     | 9.36067E+02 |     913     | 5.18102E+00 
 64| 26000  |     913     |     939     | 9.35390E+02 |     913     | 5.55679E+00 
 65| 26400  |     913     |     939     | 9.34250E+02 |     913     | 6.11331E+00 
 66| 26800  |     913     |     939     | 9.33082E+02 |     913     | 6.38206E+00 
 67| 27200  |     896     |     939     | 9.31783E+02 |     896     | 6.87315E+00 
 68| 27600  |     896     |     939     | 9.30183E+02 |     896     | 6.78116E+00 
 69| 28000  |     896     |     938     | 9.28518E+02 |     896     | 6.41636E+00 
 70| 28400  |     896     |     937     | 9.27058E+02 |     896     | 6.40423E+00 
 71| 28800  |     896     |     935     | 9.25535E+02 |     896     | 5.88080E+00 
 72| 29200  |     896     |     933     | 9.24337E+02 |     896     | 5.32716E+00 
 73| 29600  |     896     |     929     | 9.23133E+02 |     896     | 4.93000E+00 
 74| 30000  |     896     |     926     | 9.22260E+02 |     896     | 4.76837E+00 
 75| 30400  |     896     |     926     | 9.21340E+02 |     896     | 5.37396E+00 
 76| 30800  |     896     |     925     | 9.20378E+02 |     896     | 5.61293E+00 
 77| 31200  |     896     |     923     | 9.19513E+02 |     896     | 6.18262E+00 
 78| 31600  |     896     |     923     | 9.18582E+02 |     896     | 6.68642E+00 
 79| 32000  |     896     |     923     | 9.16903E+02 |     896     | 7.58933E+00 
 80| 32400  |     896     |     923     | 9.15215E+02 |     896     | 7.81081E+00 
 81| 32800  |     896     |     923     | 9.13675E+02 |     896     | 8.00995E+00 
 82| 33200  |     896     |     921     | 9.12288E+02 |     896     | 7.96460E+00 
 83| 33600  |     896     |     918     | 9.10663E+02 |     896     | 8.05969E+00 
 84| 34000  |     892     |     918     | 9.09082E+02 |     892     | 8.17592E+00 
 85| 34400  |     892     |     918     | 9.07408E+02 |     892     | 7.85630E+00 
 86| 34800  |     892     |     916     | 9.05043E+02 |     892     | 7.07430E+00 
 87| 35200  |     892     |     914     | 9.02992E+02 |     892     | 6.12433E+00 
 88| 35600  |     892     |     910     | 9.00965E+02 |     892     | 4.91872E+00 
 89| 36000  |     892     |     908     | 8.99160E+02 |     892     | 3.86062E+00 
 90| 36400  |     892     |     904     | 8.97970E+02 |     892     | 2.64464E+00 
 91| 36800  |     892     |     902     | 8.96965E+02 |     892     | 1.79688E+00 
 92| 37200  |     886     |     899     | 8.96077E+02 |     886     | 8.07152E-01 
 93| 37600  |     886     |     896     | 8.95915E+02 |     886     | 7.98608E-01 
 94| 38000  |     886     |     896     | 8.95878E+02 |     886     | 9.70821E-01 
 95| 38400  |     886     |     896     | 8.95827E+02 |     886     | 1.17590E+00 
 96| 38800  |     886     |     896     | 8.95765E+02 |     886     | 1.38556E+00 
 97| 39200  |     886     |     896     | 8.95737E+02 |     886     | 1.46922E+00 
 98| 39600  |     878     |     896     | 8.95643E+02 |     878     | 1.83431E+00 
 99| 40000  |     862     |     896     | 8.95380E+02 |     862     | 2.81613E+00 
100| 40400  |     862     |     896     | 8.95283E+02 |     862     | 3.27608E+00 
101| 40800  |     862     |     896     | 8.95110E+02 |     862     | 3.75671E+00 
102| 41200  |     862     |     896     | 8.94773E+02 |     862     | 4.41427E+00 
103| 41600  |     862     |     896     | 8.94352E+02 |     862     | 4.74060E+00 
104| 42000  |     862     |     896     | 8.93930E+02 |     862     | 5.38517E+00 
105| 42400  |     862     |     896     | 8.93430E+02 |     862     | 6.02745E+00 
106| 42800  |     862     |     896     | 8.92822E+02 |     862     | 6.46885E+00 
107| 43200  |     862     |     896     | 8.91938E+02 |     862     | 7.09426E+00 
108| 43600  |     862     |     896     | 8.90577E+02 |     862     | 7.63800E+00 
109| 44000  |     862     |     896     | 8.89038E+02 |     862     | 7.85946E+00 
110| 44400  |     862     |     896     | 8.87265E+02 |     862     | 7.68373E+00 
111| 44800  |     862     |     895     | 8.84990E+02 |     862     | 6.86294E+00 
112| 45200  |     862     |     890     | 8.83087E+02 |     862     | 6.34349E+00 
113| 45600  |     862     |     886     | 8.81965E+02 |     862     | 6.81203E+00 
114| 46000  |     853     |     886     | 8.81025E+02 |     853     | 7.40536E+00 
115| 46400  |     853     |     886     | 8.79605E+02 |     853     | 7.77457E+00 
116| 46800  |     853     |     886     | 8.78100E+02 |     853     | 8.10740E+00 
117| 47200  |     853     |     886     | 8.76200E+02 |     853     | 8.12958E+00 
118| 47600  |     853     |     884     | 8.74607E+02 |     853     | 8.06991E+00 
119| 48000  |     853     |     884     | 8.72530E+02 |     853     | 7.56598E+00 
120| 48400  |     853     |     882     | 8.70475E+02 |     853     | 6.74903E+00 
121| 48800  |     853     |     877     | 8.68077E+02 |     853     | 5.44073E+00 
122| 49200  |     853     |     873     | 8.66420E+02 |     853     | 4.67425E+00 
123| 49600  |     853     |     870     | 8.64545E+02 |     853     | 3.77134E+00 
124| 50000  |     853     |     868     | 8.63165E+02 |     853     | 3.17927E+00 
125| 50400  |     853     |     868     | 8.61942E+02 |     853     | 2.27908E+00 
126| 50800  |     853     |     862     | 8.61347E+02 |     853     | 1.98538E+00 
127| 51200  |     853     |     862     | 8.61188E+02 |     853     | 2.20507E+00 
128| 51600  |     853     |     862     | 8.61003E+02 |     853     | 2.43464E+00 
129| 52000  |     853     |     862     | 8.60837E+02 |     853     | 2.59732E+00 
130| 52400  |     853     |     862     | 8.60548E+02 |     853     | 2.84214E+00 
131| 52800  |     853     |     862     | 8.60300E+02 |     853     | 2.99500E+00 
132| 53200  |     853     |     862     | 8.59947E+02 |     853     | 3.16934E+00 
133| 53600  |     853     |     862     | 8.59510E+02 |     853     | 3.32489E+00 
134| 54000  |     853     |     862     | 8.58940E+02 |     853     | 3.46358E+00 
135| 54400  |     853     |     862     | 8.58192E+02 |     853     | 3.49506E+00 
136| 54800  |     853     |     862     | 8.57393E+02 |     853     | 3.40638E+00 
137| 55200  |     853     |     862     | 8.56548E+02 |     853     | 3.08751E+00 
138| 55600  |     851     |     861     | 8.55670E+02 |     851     | 2.57315E+00 
139| 56000  |     851     |     858     | 8.54765E+02 |     851     | 1.75778E+00 
140| 56400  |     851     |     856     | 8.54112E+02 |     851     | 1.28251E+00 
141| 56800  |     851     |     856     | 8.53675E+02 |     851     | 1.02926E+00 
142| 57200  |     851     |     855     | 8.53298E+02 |     851     | 7.16934E-01 
143| 57600  |     851     |     854     | 8.53008E+02 |     851     | 1.93504E-01 
144| 58000  |     851     |     853     | 8.52985E+02 |     851     | 1.40624E-01 
145| 58400  |     851     |     853     | 8.52982E+02 |     851     | 1.48976E-01 
146| 58800  |     851     |     853     | 8.52975E+02 |     851     | 1.71391E-01 
147| 59200  |     851     |     853     | 8.52960E+02 |     851     | 2.08327E-01 
148| 59600  |     849     |     853     | 8.52935E+02 |     849     | 3.09475E-01 
149| 60000  |     849     |     853     | 8.52920E+02 |     849     | 3.37046E-01 
150| 60400  |     849     |     853     | 8.52890E+02 |     849     | 3.71349E-01 
151| 60800  |     849     |     853     | 8.52865E+02 |     849     | 3.95948E-01 
152| 61200  |     849     |     853     | 8.52825E+02 |     849     | 4.35172E-01 
153| 61600  |     849     |     853     | 8.52783E+02 |     849     | 4.69248E-01 
154| 62000  |     849     |     853     | 8.52715E+02 |     849     | 5.08699E-01 
155| 62400  |     849     |     853     | 8.52607E+02 |     849     | 5.46300E-01 
156| 62800  |     849     |     853     | 8.52495E+02 |     849     | 5.61226E-01 
157| 63200  |     849     |     853     | 8.52317E+02 |     849     | 5.67181E-01 
158| 63600  |     849     |     853     | 8.52110E+02 |     849     | 4.82597E-01 
159| 64000  |     849     |     852     | 8.51935E+02 |     849     | 3.68477E-01 
160| 64400  |     846     |     852     | 8.51918E+02 |     846     | 4.75072E-01 
161| 64800  |     846     |     852     | 8.51888E+02 |     846     | 5.56636E-01 
162| 65200  |     846     |     852     | 8.51837E+02 |     846     | 6.93609E-01 
163| 65600  |     846     |     852     | 8.51793E+02 |     846     | 7.54615E-01 
164| 66000  |     846     |     852     | 8.51750E+02 |     846     | 7.98436E-01 
165| 66400  |     846     |     852     | 8.51705E+02 |     846     | 8.38436E-01 
166| 66800  |     846     |     852     | 8.51633E+02 |     846     | 9.52598E-01 
167| 67200  |     846     |     852     | 8.51543E+02 |     846     | 1.02137E+00 
168| 67600  |     846     |     852     | 8.51415E+02 |     846     | 1.11704E+00 
169| 68000  |     846     |     852     | 8.51332E+02 |     846     | 1.14758E+00 
170| 68400  |     846     |     852     | 8.51140E+02 |     846     | 1.26902E+00 
171| 68800  |     846     |     852     | 8.50960E+02 |     846     | 1.30706E+00 
172| 69200  |     846     |     852     | 8.50680E+02 |     846     | 1.36110E+00 
173| 69600  |     846     |     852     | 8.50452E+02 |     846     | 1.34824E+00 
174| 70000  |     845     |     852     | 8.50150E+02 |     845     | 1.30480E+00 
175| 70400  |     845     |     851     | 8.49970E+02 |     845     | 1.31685E+00 
176| 70800  |     845     |     851     | 8.49778E+02 |     845     | 1.35941E+00 
177| 71200  |     845     |     851     | 8.49520E+02 |     845     | 1.36367E+00 
178| 71600  |     845     |     851     | 8.49280E+02 |     845     | 1.33664E+00 
179| 72000  |     845     |     851     | 8.48947E+02 |     845     | 1.25090E+00 
180| 72400  |     841     |     851     | 8.48692E+02 |     841     | 1.22186E+00 
181| 72800  |     841     |     849     | 8.48413E+02 |     841     | 1.07114E+00 
182| 73200  |     841     |     849     | 8.48283E+02 |     841     | 1.12147E+00 
183| 73600  |     841     |     849     | 8.48092E+02 |     841     | 1.19747E+00 
184| 74000  |     841     |     849     | 8.47798E+02 |     841     | 1.26748E+00 
185| 74400  |     841     |     849     | 8.47548E+02 |     841     | 1.27583E+00 
186| 74800  |     839     |     849     | 8.47180E+02 |     839     | 1.27185E+00 
187| 75200  |     839     |     848     | 8.46867E+02 |     839     | 1.15756E+00 
188| 75600  |     839     |     848     | 8.46548E+02 |     839     | 1.11029E+00 
189| 76000  |     839     |     848     | 8.46133E+02 |     839     | 9.56527E-01 
190| 76400  |     839     |     846     | 8.45857E+02 |     839     | 6.45905E-01 
191| 76800  |     839     |     846     | 8.45817E+02 |     839     | 7.13578E-01 
192| 77200  |     839     |     846     | 8.45783E+02 |     839     | 7.48461E-01 
193| 77600  |     839     |     846     | 8.45675E+02 |     839     | 9.99687E-01 
194| 78000  |     839     |     846     | 8.45620E+02 |     839     | 1.05858E+00 
195| 78400  |     839     |     846     | 8.45560E+02 |     839     | 1.10064E+00 
196| 78800  |     839     |     846     | 8.45433E+02 |     839     | 1.22084E+00 
197| 79200  |     839     |     846     | 8.45320E+02 |     839     | 1.28748E+00 
198| 79600  |     839     |     846     | 8.45105E+02 |     839     | 1.43665E+00 
199| 80000  |     839     |     846     | 8.44860E+02 |     839     | 1.54447E+00 
200| 80400  |     839     |     846     | 8.44523E+02 |     839     | 1.67615E+00 
201| 80800  |     810     |     845     | 8.44023E+02 |     810     | 2.42940E+00 
202| 81200  |     810     |     845     | 8.43760E+02 |     810     | 2.53819E+00 
203| 81600  |     810     |     845     | 8.43315E+02 |     810     | 2.67503E+00 
204| 82000  |     810     |     845     | 8.42725E+02 |     810     | 2.74943E+00 
205| 82400  |     810     |     845     | 8.41900E+02 |     810     | 2.67301E+00 
206| 82800  |     810     |     845     | 8.40947E+02 |     810     | 2.29123E+00 
207| 83200  |     810     |     841     | 8.40130E+02 |     810     | 2.36920E+00 
208| 83600  |     810     |     841     | 8.39798E+02 |     810     | 2.39405E+00 
209| 84000  |     810     |     841     | 8.39247E+02 |     810     | 2.94130E+00 
210| 84400  |     810     |     841     | 8.38648E+02 |     810     | 3.13181E+00 
211| 84800  |     810     |     839     | 8.38148E+02 |     810     | 3.39643E+00 
212| 85200  |     810     |     839     | 8.37852E+02 |     810     | 3.73440E+00 
213| 85600  |     810     |     839     | 8.37403E+02 |     810     | 4.15518E+00 
214| 86000  |     810     |     839     | 8.36855E+02 |     810     | 4.68551E+00 
215| 86400  |     810     |     839     | 8.36003E+02 |     810     | 5.35374E+00 
216| 86800  |     810     |     839     | 8.35095E+02 |     810     | 5.77979E+00 
217| 87200  |     810     |     839     | 8.34075E+02 |     810     | 5.97866E+00 
218| 87600  |     810     |     838     | 8.32773E+02 |     810     | 6.30759E+00 
219| 88000  |     810     |     838     | 8.31462E+02 |     810     | 6.40458E+00 
220| 88400  |     810     |     838     | 8.30015E+02 |     810     | 6.17736E+00 
221| 88800  |     810     |     836     | 8.28128E+02 |     810     | 5.52234E+00 
222| 89200  |     810     |     835     | 8.26990E+02 |     810     | 5.01247E+00 
223| 89600  |     807     |     832     | 8.25227E+02 |     807     | 3.90074E+00 
224| 90000  |     807     |     827     | 8.24393E+02 |     807     | 3.73208E+00 
225| 90400  |     807     |     827     | 8.23867E+02 |     807     | 3.86522E+00 
226| 90800  |     807     |     825     | 8.23505E+02 |     807     | 4.17492E+00 
227| 91200  |     807     |     825     | 8.23260E+02 |     807     | 4.46121E+00 
228| 91600  |     804     |     825     | 8.22678E+02 |     804     | 5.07479E+00 
229| 92000  |     804     |     825     | 8.22173E+02 |     804     | 5.41551E+00 
230| 92400  |     803     |     825     | 8.21270E+02 |     803     | 5.96591E+00 
231| 92800  |     803     |     825     | 8.19955E+02 |     803     | 6.51060E+00 
232| 93200  |     803     |     825     | 8.18335E+02 |     803     | 6.81599E+00 
233| 93600  |     803     |     825     | 8.16582E+02 |     803     | 6.75375E+00 
234| 94000  |     803     |     825     | 8.13903E+02 |     803     | 5.98314E+00 
235| 94400  |     803     |     821     | 8.11092E+02 |     803     | 4.21236E+00 
236| 94800  |     803     |     814     | 8.09385E+02 |     803     | 3.08898E+00 
237| 95200  |     803     |     811     | 8.08280E+02 |     803     | 3.02846E+00 
238| 95600  |     800     |     811     | 8.07263E+02 |     800     | 3.03374E+00 
239| 96000  |     800     |     811     | 8.06270E+02 |     800     | 2.78875E+00 
240| 96400  |     800     |     810     | 8.05188E+02 |     800     | 2.21751E+00 
241| 96800  |     799     |     807     | 8.04135E+02 |     799     | 1.63609E+00 
242| 97200  |     799     |     806     | 8.03445E+02 |     799     | 1.03536E+00 
243| 97600  |     799     |     804     | 8.03005E+02 |     799     | 6.51901E-01 
244| 98000  |     799     |     803     | 8.02867E+02 |     799     | 6.55701E-01 
245| 98400  |     799     |     803     | 8.02825E+02 |     799     | 7.51249E-01 
246| 98800  |     797     |     803     | 8.02755E+02 |     797     | 8.94413E-01 
247| 99200  |     797     |     803     | 8.02663E+02 |     797     | 1.03131E+00 
248| 99600  |     797     |     803     | 8.02528E+02 |     797     | 1.19132E+00 
249| 100000 |     797     |     803     | 8.02408E+02 |     797     | 1.29863E+00 
250| 100400 |     797     |     803     | 8.02250E+02 |     797     | 1.42741E+00 
251| 100800 |     797     |     803     | 8.01903E+02 |     797     | 1.61493E+00 
252| 101200 |     797     |     803     | 8.01442E+02 |     797     | 1.74261E+00 
253| 101600 |     793     |     803     | 8.00890E+02 |     793     | 1.78267E+00 
254| 102000 |     793     |     803     | 8.00190E+02 |     793     | 1.60434E+00 
255| 102400 |     793     |     800     | 7.99420E+02 |     793     | 8.44748E-01 
256| 102800 |     793     |     800     | 7.99212E+02 |     793     | 8.55771E-01 
257| 103200 |     793     |     800     | 7.98895E+02 |     793     | 1.01685E+00 
258| 103600 |     793     |     799     | 7.98622E+02 |     793     | 1.13358E+00 
259| 104000 |     791     |     799     | 7.98385E+02 |     791     | 1.44457E+00 
260| 104400 |     791     |     799     | 7.98100E+02 |     791     | 1.69853E+00 
261| 104800 |     791     |     799     | 7.97725E+02 |     791     | 1.89324E+00 
262| 105200 |     791     |     799     | 7.97085E+02 |     791     | 2.14424E+00 
263| 105600 |     791     |     799     | 7.96270E+02 |     791     | 2.15339E+00 
264| 106000 |     791     |     799     | 7.95403E+02 |     791     | 1.83589E+00 
265| 106400 |     791     |     797     | 7.94643E+02 |     791     | 1.58104E+00 
266| 106800 |     791     |     795     | 7.93947E+02 |     791     | 1.26085E+00 
267| 107200 |     791     |     795     | 7.93530E+02 |     791     | 1.27244E+00 
268| 107600 |     785     |     795     | 7.93053E+02 |     785     | 1.22872E+00 
269| 108000 |     785     |     793     | 7.92550E+02 |     785     | 9.04157E-01 
270| 108400 |     778     |     793     | 7.92315E+02 |     778     | 1.30030E+00 
271| 108800 |     775     |     793     | 7.92035E+02 |     775     | 1.62289E+00 
272| 109200 |     775     |     793     | 7.91658E+02 |     775     | 1.85208E+00 
273| 109600 |     775     |     793     | 7.91135E+02 |     775     | 2.10518E+00 
274| 110000 |     775     |     793     | 7.90740E+02 |     775     | 2.09938E+00 
275| 110400 |     775     |     791     | 7.90460E+02 |     775     | 2.19395E+00 
276| 110800 |     775     |     791     | 7.90308E+02 |     775     | 2.54616E+00 
277| 111200 |     775     |     791     | 7.90202E+02 |     775     | 2.62135E+00 
278| 111600 |     775     |     791     | 7.89950E+02 |     775     | 2.87010E+00 
279| 112000 |     775     |     791     | 7.89490E+02 |     775     | 3.35707E+00 
280| 112400 |     775     |     791     | 7.88808E+02 |     775     | 3.86593E+00 
281| 112800 |     775     |     791     | 7.88183E+02 |     775     | 4.22897E+00 
282| 113200 |     775     |     791     | 7.86825E+02 |     775     | 4.67273E+00 
283| 113600 |     775     |     791     | 7.85438E+02 |     775     | 4.77400E+00 
284| 114000 |     775     |     790     | 7.84072E+02 |     775     | 4.36489E+00 
285| 114400 |     775     |     789     | 7.82655E+02 |     775     | 4.08056E+00 
286| 114800 |     775     |     786     | 7.81585E+02 |     775     | 3.93609E+00 
287| 115200 |     775     |     785     | 7.80060E+02 |     775     | 3.90658E+00 
288| 115600 |     775     |     785     | 7.78585E+02 |     775     | 3.43552E+00 
289| 116000 |     775     |     782     | 7.77110E+02 |     775     | 2.38283E+00 
290| 116400 |     775     |     780     | 7.76240E+02 |     775     | 1.93969E+00 
291| 116800 |     775     |     778     | 7.75357E+02 |     775     | 9.56396E-01 
292| 117200 |     775     |     775     | 7.75000E+02 |     775     | 0.00000E+00 
293| 117600 |     775     |     775     | 7.75000E+02 |     775     | 0.00000E+00 
294| 118000 |     775     |     775     | 7.75000E+02 |     775     | 0.00000E+00 
295| 118400 |     775     |     775     | 7.75000E+02 |     775     | 0.00000E+00 
296| 118800 |     775     |     775     | 7.75000E+02 |     775     | 0.00000E+00 
297| 119200 |     775     |     775     | 7.75000E+02 |     775     | 0.00000E+00 
298| 119600 |     775     |     775     | 7.75000E+02 |     775     | 0.00000E+00 
299| 120000 |     775     |     775     | 7.75000E+02 |     775     | 0.00000E+00 
300| 120400 |     772     |     775     | 7.74992E+02 |     772     | 1.49812E-01 
301| 120800 |     772     |     775     | 7.74992E+02 |     772     | 1.49812E-01 
种群信息导出完毕。
评价次数：120800
时间已过 96.52807784080505 秒
最小的救援时间为：772
最优的救援方案为：
第1辆车的救援路线：车库→受灾点5→避难所36→受灾点16→避难所35→受灾点2→避难所34→救援结束
第2辆车的救援路线：车库→受灾点13→避难所40→受灾点16→避难所34→救援结束
第3辆车的救援路线：车库→受灾点13→避难所31→受灾点10→避难所34→受灾点16→避难所41→救援结束
第4辆车的救援路线：车库→受灾点7→避难所34→受灾点19→避难所44→救援结束
第5辆车的救援路线：车库→受灾点7→避难所32→受灾点10→避难所34→受灾点2→避难所30→受灾点1→避难所34→受灾点18→避难所34→救援结束
第6辆车的救援路线：车库→受灾点14→避难所34→受灾点11→避难所42→救援结束
第7辆车的救援路线：车库→受灾点20→避难所35→受灾点16→避难所34→救援结束
第8辆车的救援路线：车库→受灾点18→避难所34→受灾点3→避难所34→受灾点10→避难所38→受灾点11→避难所27→受灾点5→避难所34→救援结束
第9辆车的救援路线：车库→受灾点6→避难所34→受灾点18→避难所34→受灾点15→避难所34→救援结束
第10辆车的救援路线：车库→受灾点16→避难所34→受灾点11→避难所25→受灾点16→避难所42→救援结束
第11辆车的救援路线：车库→受灾点20→避难所34→受灾点16→避难所34→受灾点6→避难所41→救援结束
第12辆车的救援路线：车库→受灾点5→避难所34→受灾点4→避难所32→受灾点10→避难所34→受灾点18→避难所32→救援结束
第13辆车的救援路线：车库→受灾点11→避难所34→受灾点13→避难所34→受灾点13→避难所34→救援结束
第14辆车的救援路线：车库→受灾点16→避难所25→受灾点18→避难所38→受灾点7→避难所29→救援结束
第15辆车的救援路线：车库→受灾点13→避难所34→受灾点16→避难所34→救援结束
第16辆车的救援路线：车库→受灾点3→避难所42→受灾点18→避难所34→救援结束
第17辆车的救援路线：车库→受灾点7→避难所34→救援结束
第18辆车的救援路线：车库→受灾点11→避难所42→救援结束
第19辆车的救援路线：车库→受灾点13→避难所34→受灾点11→避难所32→受灾点13→避难所31→救援结束
第20辆车的救援路线：车库→受灾点15→避难所34→受灾点15→避难所34→受灾点11→避难所38→受灾点7→避难所34→救援结束
第21辆车的救援路线：车库→受灾点13→避难所42→救援结束
第22辆车的救援路线：车库→受灾点7→避难所32→受灾点2→避难所34→受灾点8→避难所32→受灾点5→避难所35→救援结束
第23辆车的救援路线：车库→受灾点11→避难所31→受灾点6→避难所44→救援结束
第24辆车的救援路线：车库→受灾点8→避难所39→受灾点5→避难所32→受灾点7→避难所45→受灾点13→避难所23→救援结束
第25辆车的救援路线：车库→受灾点18→避难所41→受灾点14→避难所38→救援结束
第26辆车的救援路线：车库→受灾点16→避难所34→受灾点11→避难所32→受灾点5→避难所34→受灾点5→避难所41→救援结束
第27辆车的救援路线：车库→受灾点1→避难所34→救援结束
第28辆车的救援路线：车库→受灾点20→避难所34→受灾点21→避难所34→救援结束
第29辆车的救援路线：车库→受灾点16→避难所34→受灾点2→避难所44→受灾点16→避难所34→救援结束
第30辆车的救援路线：车库→受灾点16→避难所26→受灾点16→避难所32→救援结束
第31辆车的救援路线：车库→受灾点18→避难所34→受灾点11→避难所34→受灾点5→避难所32→受灾点10→避难所32→救援结束
第32辆车的救援路线：车库→受灾点13→避难所27→受灾点16→避难所32→受灾点16→避难所42→救援结束
第33辆车的救援路线：车库→受灾点11→避难所34→受灾点7→避难所45→受灾点5→避难所32→受灾点16→避难所32→救援结束
第34辆车的救援路线：车库→受灾点13→避难所34→受灾点21→避难所45→受灾点13→避难所38→受灾点22→避难所40→救援结束
第35辆车的救援路线：车库→受灾点21→避难所32→救援结束
第36辆车的救援路线：车库→受灾点12→避难所34→受灾点6→避难所34→受灾点14→避难所34→受灾点2→避难所26→受灾点5→避难所34→救援结束
第37辆车的救援路线：车库→受灾点19→避难所45→受灾点16→避难所45→受灾点16→避难所32→救援结束
第38辆车的救援路线：车库→受灾点11→避难所40→受灾点18→避难所23→受灾点17→避难所30→受灾点22→避难所28→救援结束
第39辆车的救援路线：车库→受灾点14→避难所35→救援结束
第40辆车的救援路线：车库→受灾点16→避难所36→受灾点5→避难所38→受灾点18→避难所38→受灾点6→避难所34→受灾点5→避难所34→救援结束
第41辆车的救援路线：车库→受灾点11→避难所35→救援结束
第42辆车的救援路线：车库→受灾点16→避难所34→受灾点13→避难所29→受灾点13→避难所26→救援结束
第43辆车的救援路线：车库→受灾点10→避难所39→受灾点13→避难所34→受灾点9→避难所34→受灾点13→避难所32→救援结束
第44辆车的救援路线：车库→受灾点16→避难所35→救援结束
第45辆车的救援路线：车库→受灾点11→避难所32→受灾点16→避难所43→受灾点10→避难所34→救援结束
第46辆车的救援路线：车库→受灾点21→避难所23→受灾点2→避难所32→受灾点6→避难所32→受灾点1→避难所34→救援结束
第47辆车的救援路线：车库→受灾点20→避难所42→受灾点16→避难所32→救援结束
第48辆车的救援路线：车库→受灾点10→避难所41→受灾点21→避难所34→受灾点16→避难所34→救援结束
第49辆车的救援路线：车库→受灾点18→避难所41→受灾点10→避难所34→救援结束
第50辆车的救援路线：车库→受灾点5→避难所45→受灾点16→避难所45→受灾点16→避难所42→受灾点13→避难所32→救援结束

