==================================================================================
gen|  eval  |    f_opt    |    f_max    |    f_avg    |    f_min    |    f_std    
----------------------------------------------------------------------------------
 0 |  400   |     1528    |     5495    | 2.54239E+03 |     1528    | 6.14891E+02 
 1 |  800   |     1496    |     2333    | 2.02615E+03 |     1496    | 1.99891E+02 
 2 |  1200  |     1468    |     2069    | 1.86006E+03 |     1468    | 1.41740E+02 
 3 |  1600  |     1352    |     1907    | 1.75441E+03 |     1352    | 1.10788E+02 
 4 |  2000  |     1352    |     1806    | 1.67748E+03 |     1352    | 1.00242E+02 
 5 |  2400  |     1231    |     1737    | 1.61796E+03 |     1231    | 9.07055E+01 
 6 |  2800  |     1199    |     1674    | 1.56655E+03 |     1199    | 8.46266E+01 
 7 |  3200  |     1199    |     1627    | 1.52506E+03 |     1199    | 8.09558E+01 
 8 |  3600  |     1199    |     1585    | 1.48857E+03 |     1199    | 7.54210E+01 
 9 |  4000  |     1199    |     1542    | 1.45668E+03 |     1199    | 6.90567E+01 
 10|  4400  |     1199    |     1502    | 1.42675E+03 |     1199    | 6.53479E+01 
 11|  4800  |     1186    |     1475    | 1.39802E+03 |     1186    | 6.39514E+01 
 12|  5200  |     1186    |     1445    | 1.37010E+03 |     1186    | 6.07615E+01 
 13|  5600  |     1175    |     1411    | 1.33882E+03 |     1175    | 5.63866E+01 
 14|  6000  |     1140    |     1378    | 1.31018E+03 |     1140    | 5.22286E+01 
 15|  6400  |     1140    |     1348    | 1.28379E+03 |     1140    | 4.75129E+01 
 16|  6800  |     1130    |     1314    | 1.25630E+03 |     1130    | 4.07254E+01 
 17|  7200  |     1122    |     1282    | 1.23211E+03 |     1122    | 3.17161E+01 
 18|  7600  |     1122    |     1251    | 1.21308E+03 |     1122    | 2.52299E+01 
 19|  8000  |     1092    |     1231    | 1.19687E+03 |     1092    | 2.31275E+01 
 20|  8400  |     1092    |     1209    | 1.18436E+03 |     1092    | 2.20513E+01 
 21|  8800  |     1071    |     1199    | 1.17330E+03 |     1071    | 2.24208E+01 
 22|  9200  |     1071    |     1191    | 1.16433E+03 |     1071    | 2.01720E+01 
 23|  9600  |     1071    |     1180    | 1.15666E+03 |     1071    | 1.88129E+01 
 24| 10000  |     1071    |     1172    | 1.14985E+03 |     1071    | 1.76637E+01 
 25| 10400  |     1071    |     1161    | 1.14289E+03 |     1071    | 1.74052E+01 
 26| 10800  |     1059    |     1155    | 1.13587E+03 |     1059    | 1.88240E+01 
 27| 11200  |     1059    |     1151    | 1.12848E+03 |     1059    | 1.85398E+01 
 28| 11600  |     1059    |     1143    | 1.12227E+03 |     1059    | 1.80023E+01 
 29| 12000  |     1052    |     1140    | 1.11674E+03 |     1052    | 1.84964E+01 
 30| 12400  |     1052    |     1130    | 1.10897E+03 |     1052    | 1.78791E+01 
 31| 12800  |     1046    |     1126    | 1.10378E+03 |     1046    | 1.69316E+01 
 32| 13200  |     1046    |     1120    | 1.09943E+03 |     1046    | 1.59212E+01 
 33| 13600  |     1045    |     1114    | 1.09392E+03 |     1045    | 1.54133E+01 
 34| 14000  |     1040    |     1107    | 1.08833E+03 |     1040    | 1.47192E+01 
 35| 14400  |     1035    |     1102    | 1.08351E+03 |     1035    | 1.43421E+01 
 36| 14800  |     1035    |     1097    | 1.07788E+03 |     1035    | 1.35241E+01 
 37| 15200  |     1022    |     1092    | 1.07293E+03 |     1022    | 1.26460E+01 
 38| 15600  |     1022    |     1086    | 1.06814E+03 |     1022    | 1.19287E+01 
 39| 16000  |     1022    |     1079    | 1.06432E+03 |     1022    | 1.11050E+01 
 40| 16400  |     998     |     1074    | 1.06088E+03 |     998     | 1.14711E+01 
 41| 16800  |     990     |     1070    | 1.05737E+03 |     990     | 1.25021E+01 
 42| 17200  |     990     |     1067    | 1.05473E+03 |     990     | 1.30153E+01 
 43| 17600  |     990     |     1066    | 1.05170E+03 |     990     | 1.35138E+01 
 44| 18000  |     968     |     1063    | 1.04733E+03 |     968     | 1.53755E+01 
 45| 18400  |     968     |     1060    | 1.04313E+03 |     968     | 1.55397E+01 
 46| 18800  |     968     |     1056    | 1.03888E+03 |     968     | 1.56850E+01 
 47| 19200  |     968     |     1053    | 1.03552E+03 |     968     | 1.55888E+01 
 48| 19600  |     968     |     1048    | 1.03179E+03 |     968     | 1.53012E+01 
 49| 20000  |     968     |     1046    | 1.02888E+03 |     968     | 1.55377E+01 
 50| 20400  |     951     |     1042    | 1.02478E+03 |     951     | 1.63144E+01 
 51| 20800  |     951     |     1040    | 1.02066E+03 |     951     | 1.64349E+01 
 52| 21200  |     951     |     1036    | 1.01682E+03 |     951     | 1.61489E+01 
 53| 21600  |     951     |     1031    | 1.01319E+03 |     951     | 1.56394E+01 
 54| 22000  |     951     |     1028    | 1.01023E+03 |     951     | 1.51401E+01 
 55| 22400  |     951     |     1025    | 1.00753E+03 |     951     | 1.50096E+01 
 56| 22800  |     951     |     1023    | 1.00475E+03 |     951     | 1.51149E+01 
 57| 23200  |     951     |     1020    | 1.00102E+03 |     951     | 1.45702E+01 
 58| 23600  |     951     |     1016    | 9.98408E+02 |     951     | 1.39584E+01 
 59| 24000  |     945     |     1013    | 9.95283E+02 |     945     | 1.39001E+01 
 60| 24400  |     945     |     1012    | 9.92890E+02 |     945     | 1.36496E+01 
 61| 24800  |     936     |     1007    | 9.89260E+02 |     936     | 1.35365E+01 
 62| 25200  |     936     |     1003    | 9.86125E+02 |     936     | 1.33133E+01 
 63| 25600  |     932     |     1000    | 9.82870E+02 |     932     | 1.30761E+01 
 64| 26000  |     932     |     998     | 9.79903E+02 |     932     | 1.28368E+01 
 65| 26400  |     932     |     993     | 9.77747E+02 |     932     | 1.22159E+01 
 66| 26800  |     932     |     990     | 9.75048E+02 |     932     | 1.19084E+01 
 67| 27200  |     932     |     987     | 9.72562E+02 |     932     | 1.14896E+01 
 68| 27600  |     932     |     984     | 9.70503E+02 |     932     | 1.14571E+01 
 69| 28000  |     932     |     984     | 9.68565E+02 |     932     | 1.11063E+01 
 70| 28400  |     932     |     981     | 9.66640E+02 |     932     | 1.06384E+01 
 71| 28800  |     925     |     978     | 9.64700E+02 |     925     | 1.03305E+01 
 72| 29200  |     925     |     976     | 9.61930E+02 |     925     | 9.69227E+00 
 73| 29600  |     925     |     972     | 9.59705E+02 |     925     | 8.85031E+00 
 74| 30000  |     925     |     968     | 9.57950E+02 |     925     | 8.55497E+00 
 75| 30400  |     925     |     966     | 9.55765E+02 |     925     | 8.65302E+00 
 76| 30800  |     924     |     965     | 9.53395E+02 |     924     | 8.31468E+00 
 77| 31200  |     905     |     963     | 9.50920E+02 |     905     | 7.97675E+00 
 78| 31600  |     905     |     958     | 9.48717E+02 |     905     | 8.12236E+00 
 79| 32000  |     905     |     955     | 9.47273E+02 |     905     | 8.00676E+00 
 80| 32400  |     898     |     952     | 9.46180E+02 |     898     | 8.63352E+00 
 81| 32800  |     898     |     951     | 9.45035E+02 |     898     | 9.21975E+00 
 82| 33200  |     898     |     951     | 9.43758E+02 |     898     | 9.50440E+00 
 83| 33600  |     898     |     951     | 9.42472E+02 |     898     | 9.34902E+00 
 84| 34000  |     898     |     951     | 9.40500E+02 |     898     | 9.81937E+00 
 85| 34400  |     898     |     951     | 9.38265E+02 |     898     | 9.75678E+00 
 86| 34800  |     898     |     949     | 9.36117E+02 |     898     | 9.73672E+00 
 87| 35200  |     898     |     946     | 9.34398E+02 |     898     | 9.20160E+00 
 88| 35600  |     898     |     942     | 9.33035E+02 |     898     | 9.11503E+00 
 89| 36000  |     898     |     940     | 9.31972E+02 |     898     | 9.13848E+00 
 90| 36400  |     898     |     940     | 9.30935E+02 |     898     | 9.22961E+00 
 91| 36800  |     898     |     940     | 9.29553E+02 |     898     | 9.27023E+00 
 92| 37200  |     898     |     940     | 9.27903E+02 |     898     | 9.38552E+00 
 93| 37600  |     898     |     939     | 9.25715E+02 |     898     | 8.68843E+00 
 94| 38000  |     898     |     936     | 9.23450E+02 |     898     | 7.87924E+00 
 95| 38400  |     897     |     932     | 9.21410E+02 |     897     | 7.38796E+00 
 96| 38800  |     880     |     928     | 9.19520E+02 |     880     | 7.37696E+00 
 97| 39200  |     880     |     925     | 9.17725E+02 |     880     | 7.65502E+00 
 98| 39600  |     880     |     925     | 9.15933E+02 |     880     | 7.85162E+00 
 99| 40000  |     880     |     921     | 9.14153E+02 |     880     | 8.57404E+00 
100| 40400  |     880     |     921     | 9.12778E+02 |     880     | 8.62050E+00 
101| 40800  |     880     |     921     | 9.11253E+02 |     880     | 8.60312E+00 
102| 41200  |     880     |     920     | 9.08705E+02 |     880     | 8.41059E+00 
103| 41600  |     880     |     919     | 9.05665E+02 |     880     | 7.71607E+00 
104| 42000  |     880     |     914     | 9.03255E+02 |     880     | 6.57647E+00 
105| 42400  |     879     |     908     | 9.01612E+02 |     879     | 6.33935E+00 
106| 42800  |     879     |     906     | 9.00555E+02 |     879     | 6.13897E+00 
107| 43200  |     879     |     905     | 8.99860E+02 |     879     | 6.34196E+00 
108| 43600  |     879     |     903     | 8.98950E+02 |     879     | 6.61608E+00 
109| 44000  |     877     |     903     | 8.98237E+02 |     877     | 6.92106E+00 
110| 44400  |     877     |     903     | 8.97332E+02 |     877     | 7.39134E+00 
111| 44800  |     875     |     903     | 8.96185E+02 |     875     | 7.56510E+00 
112| 45200  |     871     |     903     | 8.94472E+02 |     871     | 7.83959E+00 
113| 45600  |     871     |     903     | 8.93025E+02 |     871     | 7.75399E+00 
114| 46000  |     871     |     901     | 8.91100E+02 |     871     | 7.28869E+00 
115| 46400  |     871     |     897     | 8.89295E+02 |     871     | 7.16680E+00 
116| 46800  |     871     |     897     | 8.87438E+02 |     871     | 6.86448E+00 
117| 47200  |     871     |     897     | 8.85737E+02 |     871     | 6.12687E+00 
118| 47600  |     871     |     894     | 8.83923E+02 |     871     | 5.10798E+00 
119| 48000  |     871     |     891     | 8.81808E+02 |     871     | 3.02992E+00 
120| 48400  |     871     |     885     | 8.80712E+02 |     871     | 1.87746E+00 
121| 48800  |     871     |     882     | 8.80092E+02 |     871     | 1.56651E+00 
122| 49200  |     871     |     881     | 8.79945E+02 |     871     | 1.55788E+00 
123| 49600  |     871     |     881     | 8.79745E+02 |     871     | 1.58113E+00 
124| 50000  |     864     |     881     | 8.79518E+02 |     864     | 1.75063E+00 
125| 50400  |     864     |     881     | 8.79352E+02 |     864     | 1.68767E+00 
126| 50800  |     864     |     880     | 8.79043E+02 |     864     | 1.80989E+00 
127| 51200  |     859     |     880     | 8.78812E+02 |     859     | 2.09579E+00 
128| 51600  |     859     |     880     | 8.78592E+02 |     859     | 2.33483E+00 
129| 52000  |     859     |     880     | 8.78315E+02 |     859     | 2.70754E+00 
130| 52400  |     859     |     880     | 8.77982E+02 |     859     | 2.94656E+00 
131| 52800  |     859     |     879     | 8.77612E+02 |     859     | 3.27755E+00 
132| 53200  |     859     |     879     | 8.77210E+02 |     859     | 3.77239E+00 
133| 53600  |     859     |     879     | 8.76760E+02 |     859     | 4.10639E+00 
134| 54000  |     859     |     879     | 8.76265E+02 |     859     | 4.32779E+00 
135| 54400  |     855     |     879     | 8.75665E+02 |     855     | 4.69657E+00 
136| 54800  |     855     |     879     | 8.75222E+02 |     855     | 4.77420E+00 
137| 55200  |     855     |     879     | 8.74390E+02 |     855     | 5.03268E+00 
138| 55600  |     855     |     879     | 8.73670E+02 |     855     | 5.15811E+00 
139| 56000  |     855     |     877     | 8.72952E+02 |     855     | 5.22592E+00 
140| 56400  |     855     |     876     | 8.72360E+02 |     855     | 5.48182E+00 
141| 56800  |     855     |     876     | 8.71485E+02 |     855     | 5.85745E+00 
142| 57200  |     855     |     875     | 8.70745E+02 |     855     | 6.11555E+00 
143| 57600  |     855     |     875     | 8.69947E+02 |     855     | 6.45870E+00 
144| 58000  |     855     |     875     | 8.68908E+02 |     855     | 6.64070E+00 
145| 58400  |     855     |     875     | 8.67497E+02 |     855     | 6.68394E+00 
146| 58800  |     855     |     874     | 8.65773E+02 |     855     | 6.56588E+00 
147| 59200  |     855     |     874     | 8.63497E+02 |     855     | 5.74717E+00 
148| 59600  |     855     |     869     | 8.60673E+02 |     855     | 3.64558E+00 
149| 60000  |     855     |     864     | 8.58830E+02 |     855     | 2.02758E+00 
150| 60400  |     855     |     859     | 8.58107E+02 |     855     | 1.56235E+00 
151| 60800  |     855     |     859     | 8.57695E+02 |     855     | 1.75556E+00 
152| 61200  |     855     |     859     | 8.57222E+02 |     855     | 1.84472E+00 
153| 61600  |     855     |     859     | 8.56680E+02 |     855     | 1.80211E+00 
154| 62000  |     854     |     859     | 8.55947E+02 |     854     | 1.47470E+00 
155| 62400  |     854     |     857     | 8.55225E+02 |     854     | 6.62854E-01 
156| 62800  |     854     |     855     | 8.54967E+02 |     854     | 1.77324E-01 
157| 63200  |     854     |     855     | 8.54942E+02 |     854     | 2.32796E-01 
158| 63600  |     854     |     855     | 8.54930E+02 |     854     | 2.55147E-01 
159| 64000  |     854     |     855     | 8.54890E+02 |     854     | 3.12890E-01 
160| 64400  |     854     |     855     | 8.54842E+02 |     854     | 3.64272E-01 
161| 64800  |     854     |     855     | 8.54788E+02 |     854     | 4.09077E-01 
162| 65200  |     854     |     855     | 8.54717E+02 |     854     | 4.50215E-01 
163| 65600  |     854     |     855     | 8.54602E+02 |     854     | 4.89381E-01 
164| 66000  |     854     |     855     | 8.54430E+02 |     854     | 4.95076E-01 
165| 66400  |     854     |     855     | 8.54263E+02 |     854     | 4.39993E-01 
166| 66800  |     854     |     855     | 8.54023E+02 |     854     | 1.48303E-01 
167| 67200  |     854     |     854     | 8.54000E+02 |     854     | 0.00000E+00 
168| 67600  |     854     |     854     | 8.54000E+02 |     854     | 0.00000E+00 
169| 68000  |     854     |     854     | 8.54000E+02 |     854     | 0.00000E+00 
170| 68400  |     854     |     854     | 8.54000E+02 |     854     | 0.00000E+00 
171| 68800  |     854     |     854     | 8.54000E+02 |     854     | 0.00000E+00 
172| 69200  |     854     |     854     | 8.54000E+02 |     854     | 0.00000E+00 
173| 69600  |     854     |     854     | 8.54000E+02 |     854     | 0.00000E+00 
174| 70000  |     854     |     854     | 8.54000E+02 |     854     | 0.00000E+00 
175| 70400  |     853     |     854     | 8.53997E+02 |     853     | 4.99375E-02 
176| 70800  |     853     |     854     | 8.53990E+02 |     853     | 9.94987E-02 
177| 71200  |     853     |     854     | 8.53975E+02 |     853     | 1.56125E-01 
178| 71600  |     853     |     854     | 8.53957E+02 |     853     | 2.01727E-01 
179| 72000  |     853     |     854     | 8.53942E+02 |     853     | 2.32796E-01 
180| 72400  |     853     |     854     | 8.53908E+02 |     853     | 2.89730E-01 
181| 72800  |     853     |     854     | 8.53872E+02 |     853     | 3.33532E-01 
182| 73200  |     853     |     854     | 8.53820E+02 |     853     | 3.84187E-01 
183| 73600  |     853     |     854     | 8.53753E+02 |     853     | 4.31560E-01 
184| 74000  |     853     |     854     | 8.53640E+02 |     853     | 4.80000E-01 
185| 74400  |     853     |     854     | 8.53482E+02 |     853     | 4.99694E-01 
186| 74800  |     853     |     854     | 8.53260E+02 |     853     | 4.38634E-01 
187| 75200  |     853     |     853     | 8.53000E+02 |     853     | 0.00000E+00 
188| 75600  |     853     |     853     | 8.53000E+02 |     853     | 0.00000E+00 
189| 76000  |     853     |     853     | 8.53000E+02 |     853     | 0.00000E+00 
190| 76400  |     853     |     853     | 8.53000E+02 |     853     | 0.00000E+00 
191| 76800  |     853     |     853     | 8.53000E+02 |     853     | 0.00000E+00 
192| 77200  |     842     |     853     | 8.52972E+02 |     842     | 5.49312E-01 
193| 77600  |     842     |     853     | 8.52918E+02 |     842     | 9.49049E-01 
194| 78000  |     842     |     853     | 8.52865E+02 |     842     | 1.20074E+00 
195| 78400  |     842     |     853     | 8.52742E+02 |     842     | 1.62517E+00 
196| 78800  |     842     |     853     | 8.52688E+02 |     842     | 1.79300E+00 
197| 79200  |     842     |     853     | 8.52553E+02 |     842     | 2.13828E+00 
198| 79600  |     842     |     853     | 8.52335E+02 |     842     | 2.56959E+00 
199| 80000  |     842     |     853     | 8.52082E+02 |     842     | 2.96744E+00 
200| 80400  |     842     |     853     | 8.51518E+02 |     842     | 3.62832E+00 
201| 80800  |     837     |     853     | 8.50900E+02 |     837     | 4.17373E+00 
202| 81200  |     837     |     853     | 8.49875E+02 |     837     | 4.73544E+00 
203| 81600  |     837     |     853     | 8.47930E+02 |     837     | 5.17157E+00 
204| 82000  |     837     |     853     | 8.46190E+02 |     837     | 4.91924E+00 
205| 82400  |     837     |     853     | 8.43793E+02 |     837     | 3.36295E+00 
206| 82800  |     827     |     843     | 8.42197E+02 |     827     | 1.02883E+00 
207| 83200  |     827     |     843     | 8.41977E+02 |     827     | 9.36479E-01 
208| 83600  |     827     |     842     | 8.41788E+02 |     827     | 1.50577E+00 
209| 84000  |     827     |     842     | 8.41650E+02 |     827     | 1.80347E+00 
210| 84400  |     825     |     842     | 8.41278E+02 |     825     | 2.82586E+00 
211| 84800  |     825     |     842     | 8.40957E+02 |     825     | 3.34301E+00 
212| 85200  |     825     |     842     | 8.40645E+02 |     825     | 3.70526E+00 
213| 85600  |     825     |     842     | 8.40230E+02 |     825     | 4.09293E+00 
214| 86000  |     825     |     842     | 8.39433E+02 |     825     | 4.74662E+00 
215| 86400  |     825     |     842     | 8.38545E+02 |     825     | 5.28233E+00 
216| 86800  |     825     |     842     | 8.37060E+02 |     825     | 5.77463E+00 
217| 87200  |     825     |     842     | 8.35735E+02 |     825     | 5.77016E+00 
218| 87600  |     825     |     842     | 8.33862E+02 |     825     | 5.42620E+00 
219| 88000  |     825     |     837     | 8.31808E+02 |     825     | 4.90413E+00 
220| 88400  |     825     |     837     | 8.30315E+02 |     825     | 4.55914E+00 
221| 88800  |     825     |     837     | 8.28423E+02 |     825     | 3.38880E+00 
222| 89200  |     825     |     830     | 8.26860E+02 |     825     | 1.28273E+00 
223| 89600  |     825     |     827     | 8.26325E+02 |     825     | 9.45714E-01 
224| 90000  |     825     |     827     | 8.26115E+02 |     825     | 9.93365E-01 
225| 90400  |     825     |     827     | 8.25865E+02 |     825     | 9.90846E-01 
226| 90800  |     823     |     827     | 8.25530E+02 |     823     | 8.93924E-01 
227| 91200  |     823     |     827     | 8.25120E+02 |     823     | 5.15364E-01 
228| 91600  |     823     |     825     | 8.24990E+02 |     823     | 1.41067E-01 
229| 92000  |     823     |     825     | 8.24985E+02 |     823     | 1.72554E-01 
230| 92400  |     823     |     825     | 8.24980E+02 |     823     | 1.98997E-01 
231| 92800  |     823     |     825     | 8.24980E+02 |     823     | 1.98997E-01 
232| 93200  |     823     |     825     | 8.24975E+02 |     823     | 2.22205E-01 
233| 93600  |     823     |     825     | 8.24965E+02 |     823     | 2.62250E-01 
234| 94000  |     823     |     825     | 8.24957E+02 |     823     | 2.84066E-01 
235| 94400  |     823     |     825     | 8.24950E+02 |     823     | 2.95804E-01 
236| 94800  |     823     |     825     | 8.24933E+02 |     823     | 3.43429E-01 
237| 95200  |     823     |     825     | 8.24898E+02 |     823     | 4.26607E-01 
238| 95600  |     823     |     825     | 8.24878E+02 |     823     | 4.60970E-01 
239| 96000  |     823     |     825     | 8.24822E+02 |     823     | 5.44053E-01 
240| 96400  |     823     |     825     | 8.24785E+02 |     823     | 5.90572E-01 
241| 96800  |     823     |     825     | 8.24735E+02 |     823     | 6.40137E-01 
242| 97200  |     823     |     825     | 8.24678E+02 |     823     | 6.88109E-01 
243| 97600  |     823     |     825     | 8.24553E+02 |     823     | 7.72815E-01 
244| 98000  |     823     |     825     | 8.24438E+02 |     823     | 8.16146E-01 
245| 98400  |     823     |     825     | 8.24270E+02 |     823     | 8.67237E-01 
246| 98800  |     819     |     825     | 8.24043E+02 |     819     | 9.16894E-01 
247| 99200  |     819     |     825     | 8.23795E+02 |     819     | 8.64855E-01 
248| 99600  |     819     |     825     | 8.23515E+02 |     819     | 7.10475E-01 
249| 100000 |     819     |     824     | 8.23295E+02 |     819     | 5.07912E-01 
250| 100400 |     819     |     824     | 8.23150E+02 |     819     | 4.27200E-01 
251| 100800 |     819     |     823     | 8.22977E+02 |     819     | 2.86346E-01 
252| 101200 |     819     |     823     | 8.22975E+02 |     819     | 2.90474E-01 
253| 101600 |     819     |     823     | 8.22970E+02 |     819     | 2.98496E-01 
254| 102000 |     819     |     823     | 8.22957E+02 |     819     | 3.61516E-01 
255| 102400 |     819     |     823     | 8.22935E+02 |     819     | 4.59102E-01 
256| 102800 |     819     |     823     | 8.22898E+02 |     819     | 5.49540E-01 
257| 103200 |     819     |     823     | 8.22860E+02 |     819     | 6.24820E-01 
258| 103600 |     819     |     823     | 8.22765E+02 |     819     | 8.12265E-01 
259| 104000 |     819     |     823     | 8.22710E+02 |     819     | 8.97719E-01 
260| 104400 |     819     |     823     | 8.22653E+02 |     819     | 9.57467E-01 
261| 104800 |     819     |     823     | 8.22550E+02 |     819     | 1.05238E+00 
262| 105200 |     819     |     823     | 8.22445E+02 |     819     | 1.09406E+00 
263| 105600 |     819     |     823     | 8.22280E+02 |     819     | 1.18600E+00 
264| 106000 |     819     |     823     | 8.22015E+02 |     819     | 1.30375E+00 
265| 106400 |     819     |     823     | 8.21768E+02 |     819     | 1.34850E+00 
266| 106800 |     819     |     823     | 8.21380E+02 |     819     | 1.37135E+00 
267| 107200 |     819     |     822     | 8.21000E+02 |     819     | 1.40357E+00 
268| 107600 |     819     |     822     | 8.20745E+02 |     819     | 1.46628E+00 
269| 108000 |     819     |     822     | 8.20450E+02 |     819     | 1.48071E+00 
270| 108400 |     819     |     822     | 8.20030E+02 |     819     | 1.40146E+00 
271| 108800 |     814     |     822     | 8.19482E+02 |     814     | 1.11566E+00 
272| 109200 |     814     |     819     | 8.18987E+02 |     814     | 2.49687E-01 
273| 109600 |     814     |     819     | 8.18975E+02 |     814     | 3.52668E-01 
274| 110000 |     814     |     819     | 8.18950E+02 |     814     | 4.97494E-01 
275| 110400 |     814     |     819     | 8.18913E+02 |     814     | 6.55625E-01 
276| 110800 |     814     |     819     | 8.18895E+02 |     814     | 7.06382E-01 
277| 111200 |     812     |     819     | 8.18842E+02 |     812     | 8.79030E-01 
278| 111600 |     812     |     819     | 8.18780E+02 |     812     | 1.03034E+00 
279| 112000 |     812     |     819     | 8.18737E+02 |     812     | 1.13516E+00 
280| 112400 |     812     |     819     | 8.18597E+02 |     812     | 1.38221E+00 
281| 112800 |     812     |     819     | 8.18533E+02 |     812     | 1.48457E+00 
282| 113200 |     812     |     819     | 8.18395E+02 |     812     | 1.67002E+00 
283| 113600 |     812     |     819     | 8.18188E+02 |     812     | 1.88477E+00 
284| 114000 |     812     |     819     | 8.17872E+02 |     812     | 2.14389E+00 
285| 114400 |     812     |     819     | 8.17438E+02 |     812     | 2.39501E+00 
286| 114800 |     812     |     819     | 8.16862E+02 |     812     | 2.55511E+00 
287| 115200 |     807     |     819     | 8.16075E+02 |     807     | 2.69432E+00 
288| 115600 |     807     |     819     | 8.15168E+02 |     807     | 2.58446E+00 
289| 116000 |     807     |     819     | 8.13923E+02 |     807     | 1.84296E+00 
290| 116400 |     807     |     814     | 8.13202E+02 |     807     | 1.53019E+00 
291| 116800 |     807     |     814     | 8.12830E+02 |     807     | 1.79474E+00 
292| 117200 |     806     |     814     | 8.12170E+02 |     806     | 2.07391E+00 
293| 117600 |     806     |     814     | 8.11423E+02 |     806     | 2.08782E+00 
294| 118000 |     806     |     812     | 8.10820E+02 |     806     | 2.07548E+00 
295| 118400 |     806     |     812     | 8.10283E+02 |     806     | 2.33081E+00 
296| 118800 |     806     |     812     | 8.09562E+02 |     806     | 2.44563E+00 
297| 119200 |     806     |     812     | 8.08750E+02 |     806     | 2.31571E+00 
298| 119600 |     806     |     812     | 8.07827E+02 |     806     | 1.73140E+00 
299| 120000 |     806     |     808     | 8.06967E+02 |     806     | 2.15508E-01 
300| 120400 |     806     |     807     | 8.06942E+02 |     806     | 2.32796E-01 
301| 120800 |     806     |     807     | 8.06923E+02 |     806     | 2.67383E-01 
种群信息导出完毕。
评价次数：120800
时间已过 97.87099695205688 秒
最小的救援时间为：806
最优的救援方案为：
第1辆车的救援路线：车库→受灾点16→避难所37→受灾点14→避难所34→受灾点13→避难所38→受灾点21→避难所34→救援结束
第2辆车的救援路线：车库→受灾点16→避难所34→受灾点13→避难所34→受灾点14→避难所42→救援结束
第3辆车的救援路线：车库→受灾点17→避难所45→受灾点18→避难所34→受灾点10→避难所34→受灾点5→避难所35→救援结束
第4辆车的救援路线：车库→受灾点2→避难所34→受灾点21→避难所36→救援结束
第5辆车的救援路线：车库→受灾点10→避难所32→救援结束
第6辆车的救援路线：车库→受灾点16→避难所41→救援结束
第7辆车的救援路线：车库→受灾点5→避难所38→受灾点5→避难所32→受灾点18→避难所30→受灾点11→避难所30→受灾点11→避难所34→受灾点12→避难所32→救援结束
第8辆车的救援路线：车库→受灾点6→避难所45→受灾点10→避难所32→受灾点16→避难所38→受灾点16→避难所43→救援结束
第9辆车的救援路线：车库→受灾点6→避难所27→受灾点13→避难所26→受灾点7→避难所34→受灾点18→避难所32→受灾点11→避难所34→救援结束
第10辆车的救援路线：车库→受灾点22→避难所43→受灾点19→避难所32→救援结束
第11辆车的救援路线：车库→受灾点1→避难所34→受灾点11→避难所38→受灾点1→避难所34→受灾点5→避难所27→受灾点18→避难所34→受灾点5→避难所34→救援结束
第12辆车的救援路线：车库→受灾点16→避难所23→救援结束
第13辆车的救援路线：车库→受灾点8→避难所40→受灾点11→避难所41→受灾点13→避难所40→救援结束
第14辆车的救援路线：车库→受灾点15→避难所34→受灾点5→避难所34→受灾点15→避难所32→受灾点11→避难所35→救援结束
第15辆车的救援路线：车库→受灾点19→避难所32→救援结束
第16辆车的救援路线：车库→受灾点13→避难所32→受灾点13→避难所34→受灾点22→避难所42→救援结束
第17辆车的救援路线：车库→受灾点16→避难所34→受灾点14→避难所37→救援结束
第18辆车的救援路线：车库→受灾点13→避难所27→受灾点6→避难所34→受灾点9→避难所34→受灾点18→避难所26→受灾点5→避难所34→救援结束
第19辆车的救援路线：车库→受灾点5→避难所34→受灾点18→避难所40→受灾点18→避难所32→受灾点20→避难所34→救援结束
第20辆车的救援路线：车库→受灾点10→避难所34→受灾点5→避难所44→受灾点16→避难所38→救援结束
第21辆车的救援路线：车库→受灾点2→避难所34→受灾点7→避难所37→受灾点6→避难所26→受灾点2→避难所23→受灾点15→避难所23→救援结束
第22辆车的救援路线：车库→受灾点13→避难所32→救援结束
第23辆车的救援路线：车库→受灾点21→避难所34→受灾点16→避难所34→受灾点16→避难所42→救援结束
第24辆车的救援路线：车库→受灾点13→避难所34→受灾点13→避难所38→受灾点13→避难所39→受灾点11→避难所42→救援结束
第25辆车的救援路线：车库→受灾点8→避难所34→救援结束
第26辆车的救援路线：车库→受灾点2→避难所34→受灾点13→避难所45→受灾点18→避难所34→受灾点6→避难所46→救援结束
第27辆车的救援路线：车库→受灾点13→避难所34→受灾点4→避难所34→救援结束
第28辆车的救援路线：车库→受灾点16→避难所34→受灾点2→避难所32→受灾点21→避难所30→受灾点5→避难所32→救援结束
第29辆车的救援路线：车库→受灾点11→避难所32→受灾点16→避难所34→救援结束
第30辆车的救援路线：车库→受灾点13→避难所34→救援结束
第31辆车的救援路线：车库→受灾点20→避难所30→受灾点20→避难所33→救援结束
第32辆车的救援路线：车库→受灾点7→避难所34→受灾点7→避难所32→受灾点16→避难所43→救援结束
第33辆车的救援路线：车库→受灾点16→避难所42→受灾点16→避难所42→救援结束
第34辆车的救援路线：车库→受灾点13→避难所34→受灾点21→避难所32→受灾点16→避难所34→救援结束
第35辆车的救援路线：车库→受灾点16→避难所41→救援结束
第36辆车的救援路线：车库→受灾点5→避难所34→受灾点3→避难所37→受灾点7→避难所34→受灾点7→避难所34→受灾点11→避难所34→救援结束
第37辆车的救援路线：车库→受灾点16→避难所34→救援结束
第38辆车的救援路线：车库→受灾点16→避难所45→受灾点5→避难所32→受灾点1→避难所42→救援结束
第39辆车的救援路线：车库→受灾点16→避难所41→受灾点6→避难所34→受灾点13→避难所34→救援结束
第40辆车的救援路线：车库→受灾点16→避难所37→受灾点18→避难所42→救援结束
第41辆车的救援路线：车库→受灾点11→避难所32→受灾点11→避难所41→受灾点10→避难所34→救援结束
第42辆车的救援路线：车库→受灾点7→避难所47→受灾点13→避难所34→受灾点7→避难所30→救援结束
第43辆车的救援路线：车库→受灾点10→避难所34→受灾点16→避难所24→受灾点16→避难所34→救援结束
第44辆车的救援路线：车库→受灾点11→避难所45→受灾点16→避难所41→受灾点3→避难所45→受灾点2→避难所40→救援结束
第45辆车的救援路线：车库→受灾点16→避难所34→受灾点10→避难所32→受灾点10→避难所34→受灾点11→避难所26→救援结束
第46辆车的救援路线：车库→受灾点10→避难所34→受灾点20→避难所27→受灾点16→避难所34→受灾点18→避难所26→救援结束
第47辆车的救援路线：车库→受灾点16→避难所34→受灾点11→避难所35→救援结束
第48辆车的救援路线：车库→受灾点5→避难所23→救援结束
第49辆车的救援路线：车库→受灾点14→避难所36→救援结束
第50辆车的救援路线：车库→受灾点18→避难所34→救援结束
