==================================================================================
gen|  eval  |    f_opt    |    f_max    |    f_avg    |    f_min    |    f_std    
----------------------------------------------------------------------------------
 0 |  400   |     794     |     1076    | 9.21433E+02 |     794     | 5.18692E+01 
 1 |  800   |     783     |     913     | 8.73518E+02 |     783     | 2.78799E+01 
 2 |  1200  |     783     |     881     | 8.51440E+02 |     783     | 2.26360E+01 
 3 |  1600  |     783     |     863     | 8.37475E+02 |     783     | 1.81630E+01 
 4 |  2000  |     761     |     847     | 8.27090E+02 |     761     | 1.53848E+01 
 5 |  2400  |     761     |     840     | 8.20428E+02 |     761     | 1.44727E+01 
 6 |  2800  |     761     |     832     | 8.13465E+02 |     761     | 1.29869E+01 
 7 |  3200  |     761     |     824     | 8.08500E+02 |     761     | 1.18562E+01 
 8 |  3600  |     753     |     818     | 8.02130E+02 |     753     | 1.20498E+01 
 9 |  4000  |     753     |     813     | 7.98117E+02 |     753     | 1.13677E+01 
 10|  4400  |     753     |     807     | 7.93715E+02 |     753     | 1.03588E+01 
 11|  4800  |     744     |     802     | 7.89835E+02 |     744     | 1.02209E+01 
 12|  5200  |     744     |     798     | 7.85553E+02 |     744     | 1.15136E+01 
 13|  5600  |     739     |     794     | 7.81105E+02 |     739     | 1.19383E+01 
 14|  6000  |     727     |     790     | 7.75895E+02 |     727     | 1.26093E+01 
 15|  6400  |     727     |     787     | 7.71515E+02 |     727     | 1.23501E+01 
 16|  6800  |     727     |     783     | 7.67870E+02 |     727     | 1.17091E+01 
 17|  7200  |     727     |     778     | 7.64033E+02 |     727     | 1.08649E+01 
 18|  7600  |     727     |     776     | 7.60913E+02 |     727     | 1.04163E+01 
 19|  8000  |     717     |     771     | 7.57560E+02 |     717     | 9.66418E+00 
 20|  8400  |     717     |     767     | 7.55072E+02 |     717     | 9.14370E+00 
 21|  8800  |     717     |     764     | 7.52305E+02 |     717     | 8.95556E+00 
 22|  9200  |     702     |     761     | 7.49592E+02 |     702     | 9.21013E+00 
 23|  9600  |     702     |     758     | 7.47582E+02 |     702     | 9.13500E+00 
 24| 10000  |     702     |     757     | 7.45545E+02 |     702     | 8.81805E+00 
 25| 10400  |     702     |     753     | 7.43090E+02 |     702     | 8.23510E+00 
 26| 10800  |     702     |     752     | 7.41455E+02 |     702     | 8.19347E+00 
 27| 11200  |     702     |     749     | 7.39587E+02 |     702     | 8.06860E+00 
 28| 11600  |     702     |     748     | 7.37765E+02 |     702     | 8.07742E+00 
 29| 12000  |     696     |     745     | 7.35293E+02 |     696     | 8.56195E+00 
 30| 12400  |     696     |     744     | 7.33555E+02 |     696     | 8.41528E+00 
 31| 12800  |     696     |     741     | 7.32168E+02 |     696     | 7.95578E+00 
 32| 13200  |     688     |     739     | 7.30288E+02 |     688     | 8.45960E+00 
 33| 13600  |     688     |     737     | 7.28327E+02 |     688     | 8.66431E+00 
 34| 14000  |     688     |     735     | 7.26482E+02 |     688     | 8.92187E+00 
 35| 14400  |     688     |     734     | 7.24810E+02 |     688     | 8.80590E+00 
 36| 14800  |     688     |     732     | 7.23207E+02 |     688     | 8.97716E+00 
 37| 15200  |     688     |     732     | 7.21850E+02 |     688     | 9.02843E+00 
 38| 15600  |     688     |     730     | 7.20237E+02 |     688     | 8.85020E+00 
 39| 16000  |     688     |     728     | 7.18895E+02 |     688     | 8.97936E+00 
 40| 16400  |     680     |     728     | 7.17342E+02 |     680     | 9.07002E+00 
 41| 16800  |     680     |     727     | 7.15587E+02 |     680     | 8.91164E+00 
 42| 17200  |     680     |     726     | 7.14165E+02 |     680     | 8.50546E+00 
 43| 17600  |     680     |     723     | 7.12722E+02 |     680     | 8.16428E+00 
 44| 18000  |     680     |     721     | 7.11278E+02 |     680     | 7.75084E+00 
 45| 18400  |     680     |     720     | 7.10020E+02 |     680     | 7.55477E+00 
 46| 18800  |     680     |     718     | 7.08135E+02 |     680     | 6.94599E+00 
 47| 19200  |     680     |     716     | 7.06365E+02 |     680     | 6.55490E+00 
 48| 19600  |     680     |     715     | 7.05200E+02 |     680     | 6.24340E+00 
 49| 20000  |     680     |     712     | 7.03758E+02 |     680     | 5.73966E+00 
 50| 20400  |     680     |     710     | 7.02690E+02 |     680     | 5.53434E+00 
 51| 20800  |     680     |     709     | 7.01650E+02 |     680     | 5.46237E+00 
 52| 21200  |     680     |     708     | 7.00607E+02 |     680     | 5.43815E+00 
 53| 21600  |     680     |     706     | 6.99605E+02 |     680     | 5.15403E+00 
 54| 22000  |     680     |     704     | 6.98940E+02 |     680     | 5.13336E+00 
 55| 22400  |     680     |     704     | 6.98173E+02 |     680     | 5.08013E+00 
 56| 22800  |     680     |     704     | 6.97375E+02 |     680     | 4.94716E+00 
 57| 23200  |     671     |     703     | 6.96472E+02 |     671     | 4.98841E+00 
 58| 23600  |     671     |     702     | 6.95650E+02 |     671     | 4.73471E+00 
 59| 24000  |     671     |     701     | 6.94705E+02 |     671     | 4.72419E+00 
 60| 24400  |     671     |     700     | 6.94020E+02 |     671     | 4.68130E+00 
 61| 24800  |     671     |     698     | 6.92940E+02 |     671     | 4.64450E+00 
 62| 25200  |     671     |     697     | 6.92235E+02 |     671     | 4.76443E+00 
 63| 25600  |     666     |     696     | 6.91482E+02 |     666     | 4.99547E+00 
 64| 26000  |     666     |     696     | 6.90905E+02 |     666     | 5.17068E+00 
 65| 26400  |     666     |     696     | 6.90212E+02 |     666     | 5.10905E+00 
 66| 26800  |     666     |     695     | 6.89345E+02 |     666     | 5.32691E+00 
 67| 27200  |     666     |     694     | 6.88805E+02 |     666     | 5.40666E+00 
 68| 27600  |     666     |     694     | 6.88028E+02 |     666     | 5.44305E+00 
 69| 28000  |     666     |     693     | 6.87232E+02 |     666     | 5.34962E+00 
 70| 28400  |     666     |     692     | 6.86370E+02 |     666     | 5.36452E+00 
 71| 28800  |     666     |     691     | 6.85332E+02 |     666     | 5.41451E+00 
 72| 29200  |     666     |     690     | 6.84455E+02 |     666     | 5.44316E+00 
 73| 29600  |     666     |     690     | 6.83500E+02 |     666     | 5.26498E+00 
 74| 30000  |     666     |     688     | 6.82602E+02 |     666     | 5.08326E+00 
 75| 30400  |     666     |     688     | 6.81683E+02 |     666     | 4.82148E+00 
 76| 30800  |     666     |     688     | 6.80617E+02 |     666     | 4.45603E+00 
 77| 31200  |     666     |     686     | 6.79800E+02 |     666     | 3.87750E+00 
 78| 31600  |     666     |     685     | 6.79028E+02 |     666     | 3.63892E+00 
 79| 32000  |     658     |     681     | 6.78232E+02 |     658     | 3.57749E+00 
 80| 32400  |     658     |     680     | 6.77783E+02 |     658     | 3.91985E+00 
 81| 32800  |     658     |     680     | 6.77520E+02 |     658     | 4.01430E+00 
 82| 33200  |     658     |     680     | 6.76945E+02 |     658     | 4.23462E+00 
 83| 33600  |     658     |     680     | 6.76237E+02 |     658     | 4.49512E+00 
 84| 34000  |     658     |     680     | 6.75540E+02 |     658     | 4.73322E+00 
 85| 34400  |     658     |     680     | 6.74605E+02 |     658     | 4.85427E+00 
 86| 34800  |     658     |     680     | 6.73775E+02 |     658     | 4.74599E+00 
 87| 35200  |     653     |     678     | 6.72492E+02 |     653     | 4.79113E+00 
 88| 35600  |     653     |     678     | 6.71712E+02 |     653     | 4.57928E+00 
 89| 36000  |     653     |     675     | 6.70540E+02 |     653     | 4.31664E+00 
 90| 36400  |     653     |     674     | 6.69592E+02 |     653     | 4.57782E+00 
 91| 36800  |     653     |     673     | 6.68837E+02 |     653     | 4.68200E+00 
 92| 37200  |     649     |     673     | 6.68125E+02 |     649     | 4.80774E+00 
 93| 37600  |     649     |     673     | 6.67283E+02 |     649     | 4.82003E+00 
 94| 38000  |     649     |     673     | 6.66145E+02 |     649     | 4.76329E+00 
 95| 38400  |     649     |     672     | 6.65280E+02 |     649     | 4.58220E+00 
 96| 38800  |     649     |     671     | 6.64178E+02 |     649     | 4.20607E+00 
 97| 39200  |     649     |     668     | 6.63215E+02 |     649     | 3.87218E+00 
 98| 39600  |     649     |     667     | 6.61980E+02 |     649     | 3.73625E+00 
 99| 40000  |     649     |     666     | 6.60933E+02 |     649     | 3.35156E+00 
100| 40400  |     642     |     665     | 6.59980E+02 |     642     | 2.99242E+00 
101| 40800  |     642     |     664     | 6.59035E+02 |     642     | 2.82467E+00 
102| 41200  |     642     |     661     | 6.58505E+02 |     642     | 2.79910E+00 
103| 41600  |     642     |     660     | 6.58082E+02 |     642     | 3.03985E+00 
104| 42000  |     638     |     660     | 6.57673E+02 |     638     | 3.29017E+00 
105| 42400  |     638     |     660     | 6.57058E+02 |     638     | 3.37108E+00 
106| 42800  |     638     |     660     | 6.56247E+02 |     638     | 3.68460E+00 
107| 43200  |     638     |     659     | 6.55582E+02 |     638     | 3.75542E+00 
108| 43600  |     638     |     658     | 6.54700E+02 |     638     | 4.34799E+00 
109| 44000  |     638     |     658     | 6.54075E+02 |     638     | 4.47151E+00 
110| 44400  |     638     |     658     | 6.53380E+02 |     638     | 4.43516E+00 
111| 44800  |     638     |     658     | 6.52480E+02 |     638     | 4.42149E+00 
112| 45200  |     636     |     655     | 6.51033E+02 |     636     | 4.45325E+00 
113| 45600  |     636     |     654     | 6.50420E+02 |     636     | 4.54187E+00 
114| 46000  |     636     |     654     | 6.49697E+02 |     636     | 4.55313E+00 
115| 46400  |     636     |     654     | 6.48665E+02 |     636     | 4.60139E+00 
116| 46800  |     636     |     652     | 6.47347E+02 |     636     | 4.65798E+00 
117| 47200  |     636     |     652     | 6.46360E+02 |     636     | 4.71862E+00 
118| 47600  |     636     |     649     | 6.45217E+02 |     636     | 4.72284E+00 
119| 48000  |     636     |     649     | 6.44305E+02 |     636     | 4.86384E+00 
120| 48400  |     636     |     649     | 6.43153E+02 |     636     | 4.84863E+00 
121| 48800  |     636     |     649     | 6.41587E+02 |     636     | 4.31710E+00 
122| 49200  |     636     |     647     | 6.39840E+02 |     636     | 3.13997E+00 
123| 49600  |     636     |     642     | 6.38143E+02 |     636     | 1.03063E+00 
124| 50000  |     636     |     638     | 6.37835E+02 |     636     | 5.36447E-01 
125| 50400  |     636     |     638     | 6.37780E+02 |     636     | 6.13677E-01 
126| 50800  |     636     |     638     | 6.37695E+02 |     636     | 7.04965E-01 
127| 51200  |     635     |     638     | 6.37567E+02 |     635     | 8.09595E-01 
128| 51600  |     635     |     638     | 6.37445E+02 |     635     | 8.78621E-01 
129| 52000  |     632     |     638     | 6.37258E+02 |     632     | 9.75292E-01 
130| 52400  |     632     |     638     | 6.37020E+02 |     632     | 1.00230E+00 
131| 52800  |     632     |     638     | 6.36755E+02 |     632     | 9.64352E-01 
132| 53200  |     632     |     638     | 6.36457E+02 |     632     | 8.62087E-01 
133| 53600  |     632     |     638     | 6.36130E+02 |     632     | 6.26977E-01 
134| 54000  |     632     |     636     | 6.35925E+02 |     632     | 5.04356E-01 
135| 54400  |     632     |     636     | 6.35910E+02 |     632     | 5.44885E-01 
136| 54800  |     632     |     636     | 6.35872E+02 |     632     | 6.45170E-01 
137| 55200  |     632     |     636     | 6.35810E+02 |     632     | 7.64133E-01 
138| 55600  |     627     |     636     | 6.35695E+02 |     627     | 1.02322E+00 
139| 56000  |     627     |     636     | 6.35600E+02 |     627     | 1.14673E+00 
140| 56400  |     627     |     636     | 6.35438E+02 |     627     | 1.30809E+00 
141| 56800  |     627     |     636     | 6.35295E+02 |     627     | 1.44671E+00 
142| 57200  |     627     |     636     | 6.34890E+02 |     627     | 1.83246E+00 
143| 57600  |     627     |     636     | 6.34472E+02 |     627     | 1.98853E+00 
144| 58000  |     627     |     636     | 6.33817E+02 |     627     | 2.04308E+00 
145| 58400  |     627     |     636     | 6.33015E+02 |     627     | 1.85870E+00 
146| 58800  |     623     |     635     | 6.32135E+02 |     623     | 1.48384E+00 
147| 59200  |     623     |     632     | 6.31565E+02 |     623     | 1.26324E+00 
148| 59600  |     623     |     632     | 6.31298E+02 |     623     | 1.58240E+00 
149| 60000  |     623     |     632     | 6.30990E+02 |     623     | 1.80829E+00 
150| 60400  |     623     |     632     | 6.30528E+02 |     623     | 2.05530E+00 
151| 60800  |     620     |     632     | 6.29715E+02 |     620     | 2.30408E+00 
152| 61200  |     620     |     632     | 6.28798E+02 |     620     | 2.10867E+00 
153| 61600  |     620     |     630     | 6.27740E+02 |     620     | 1.42738E+00 
154| 62000  |     620     |     629     | 6.27310E+02 |     620     | 1.31107E+00 
155| 62400  |     611     |     628     | 6.26825E+02 |     611     | 1.55222E+00 
156| 62800  |     611     |     628     | 6.26497E+02 |     611     | 1.57321E+00 
157| 63200  |     611     |     627     | 6.26160E+02 |     611     | 1.72899E+00 
158| 63600  |     611     |     627     | 6.25812E+02 |     611     | 1.89535E+00 
159| 64000  |     611     |     627     | 6.25372E+02 |     611     | 2.02577E+00 
160| 64400  |     611     |     627     | 6.24763E+02 |     611     | 2.15084E+00 
161| 64800  |     611     |     627     | 6.24035E+02 |     611     | 1.92582E+00 
162| 65200  |     611     |     625     | 6.23230E+02 |     611     | 1.38640E+00 
163| 65600  |     611     |     624     | 6.22962E+02 |     611     | 1.55599E+00 
164| 66000  |     611     |     624     | 6.22590E+02 |     611     | 1.85524E+00 
165| 66400  |     611     |     624     | 6.22235E+02 |     611     | 1.95953E+00 
166| 66800  |     610     |     623     | 6.21840E+02 |     610     | 2.31828E+00 
167| 67200  |     610     |     623     | 6.21360E+02 |     610     | 2.60104E+00 
168| 67600  |     610     |     623     | 6.20755E+02 |     610     | 2.87315E+00 
169| 68000  |     610     |     623     | 6.20067E+02 |     610     | 3.02456E+00 
170| 68400  |     610     |     623     | 6.19303E+02 |     610     | 3.11785E+00 
171| 68800  |     610     |     620     | 6.18617E+02 |     610     | 3.19784E+00 
172| 69200  |     610     |     620     | 6.18205E+02 |     610     | 3.54302E+00 
173| 69600  |     610     |     620     | 6.17600E+02 |     610     | 3.91216E+00 
174| 70000  |     610     |     620     | 6.16705E+02 |     610     | 4.26591E+00 
175| 70400  |     610     |     620     | 6.15622E+02 |     610     | 4.45084E+00 
176| 70800  |     610     |     620     | 6.14312E+02 |     610     | 4.25733E+00 
177| 71200  |     606     |     620     | 6.12847E+02 |     606     | 3.59573E+00 
178| 71600  |     606     |     618     | 6.11217E+02 |     606     | 1.45265E+00 
179| 72000  |     606     |     611     | 6.10765E+02 |     606     | 6.16259E-01 
180| 72400  |     606     |     611     | 6.10688E+02 |     606     | 7.17526E-01 
181| 72800  |     606     |     611     | 6.10572E+02 |     606     | 8.02959E-01 
182| 73200  |     606     |     611     | 6.10435E+02 |     606     | 8.63583E-01 
183| 73600  |     606     |     611     | 6.10270E+02 |     606     | 8.95600E-01 
184| 74000  |     606     |     611     | 6.10065E+02 |     606     | 9.30470E-01 
185| 74400  |     606     |     611     | 6.09803E+02 |     606     | 1.03368E+00 
186| 74800  |     606     |     610     | 6.09668E+02 |     606     | 1.10088E+00 
187| 75200  |     606     |     610     | 6.09535E+02 |     606     | 1.27623E+00 
188| 75600  |     606     |     610     | 6.09415E+02 |     606     | 1.40811E+00 
189| 76000  |     606     |     610     | 6.09163E+02 |     606     | 1.62052E+00 
190| 76400  |     606     |     610     | 6.08870E+02 |     606     | 1.79251E+00 
191| 76800  |     606     |     610     | 6.08490E+02 |     606     | 1.93129E+00 
192| 77200  |     606     |     610     | 6.08058E+02 |     606     | 1.98977E+00 
193| 77600  |     606     |     610     | 6.07357E+02 |     606     | 1.88008E+00 
194| 78000  |     606     |     610     | 6.06717E+02 |     606     | 1.50920E+00 
195| 78400  |     606     |     606     | 6.06000E+02 |     606     | 0.00000E+00 
196| 78800  |     606     |     606     | 6.06000E+02 |     606     | 0.00000E+00 
197| 79200  |     606     |     606     | 6.06000E+02 |     606     | 0.00000E+00 
198| 79600  |     606     |     606     | 6.06000E+02 |     606     | 0.00000E+00 
199| 80000  |     606     |     606     | 6.06000E+02 |     606     | 0.00000E+00 
200| 80400  |     606     |     606     | 6.06000E+02 |     606     | 0.00000E+00 
201| 80800  |     606     |     606     | 6.06000E+02 |     606     | 0.00000E+00 
202| 81200  |     606     |     606     | 6.06000E+02 |     606     | 0.00000E+00 
203| 81600  |     606     |     606     | 6.06000E+02 |     606     | 0.00000E+00 
204| 82000  |     606     |     606     | 6.06000E+02 |     606     | 0.00000E+00 
205| 82400  |     606     |     606     | 6.06000E+02 |     606     | 0.00000E+00 
206| 82800  |     606     |     606     | 6.06000E+02 |     606     | 0.00000E+00 
207| 83200  |     606     |     606     | 6.06000E+02 |     606     | 0.00000E+00 
208| 83600  |     606     |     606     | 6.06000E+02 |     606     | 0.00000E+00 
209| 84000  |     606     |     606     | 6.06000E+02 |     606     | 0.00000E+00 
210| 84400  |     606     |     606     | 6.06000E+02 |     606     | 0.00000E+00 
211| 84800  |     606     |     606     | 6.06000E+02 |     606     | 0.00000E+00 
212| 85200  |     606     |     606     | 6.06000E+02 |     606     | 0.00000E+00 
213| 85600  |     606     |     606     | 6.06000E+02 |     606     | 0.00000E+00 
214| 86000  |     606     |     606     | 6.06000E+02 |     606     | 0.00000E+00 
215| 86400  |     606     |     606     | 6.06000E+02 |     606     | 0.00000E+00 
216| 86800  |     606     |     606     | 6.06000E+02 |     606     | 0.00000E+00 
217| 87200  |     606     |     606     | 6.06000E+02 |     606     | 0.00000E+00 
218| 87600  |     606     |     606     | 6.06000E+02 |     606     | 0.00000E+00 
219| 88000  |     606     |     606     | 6.06000E+02 |     606     | 0.00000E+00 
220| 88400  |     606     |     606     | 6.06000E+02 |     606     | 0.00000E+00 
221| 88800  |     606     |     606     | 6.06000E+02 |     606     | 0.00000E+00 
222| 89200  |     606     |     606     | 6.06000E+02 |     606     | 0.00000E+00 
223| 89600  |     606     |     606     | 6.06000E+02 |     606     | 0.00000E+00 
224| 90000  |     606     |     606     | 6.06000E+02 |     606     | 0.00000E+00 
225| 90400  |     606     |     606     | 6.06000E+02 |     606     | 0.00000E+00 
226| 90800  |     606     |     606     | 6.06000E+02 |     606     | 0.00000E+00 
227| 91200  |     606     |     606     | 6.06000E+02 |     606     | 0.00000E+00 
种群信息导出完毕。
评价次数：91200
时间已过 77.62800741195679 秒
最小的救援时间为：606
最优的救援方案为：
