==================================================================================
gen|  eval  |    f_opt    |    f_max    |    f_avg    |    f_min    |    f_std    
----------------------------------------------------------------------------------
 0 |  400   |     1543    |     5329    | 2.59143E+03 |     1543    | 6.26764E+02 
 1 |  800   |     1463    |     2371    | 2.05009E+03 |     1463    | 2.10081E+02 
 2 |  1200  |     1400    |     2077    | 1.86585E+03 |     1400    | 1.47947E+02 
 3 |  1600  |     1327    |     1924    | 1.75531E+03 |     1327    | 1.21512E+02 
 4 |  2000  |     1327    |     1817    | 1.67878E+03 |     1327    | 9.66809E+01 
 5 |  2400  |     1327    |     1738    | 1.62007E+03 |     1327    | 8.31622E+01 
 6 |  2800  |     1221    |     1673    | 1.57087E+03 |     1221    | 7.98483E+01 
 7 |  3200  |     1221    |     1628    | 1.53592E+03 |     1221    | 7.95399E+01 
 8 |  3600  |     1221    |     1585    | 1.49954E+03 |     1221    | 7.74967E+01 
 9 |  4000  |     1176    |     1551    | 1.45295E+03 |     1176    | 8.00904E+01 
 10|  4400  |     1173    |     1511    | 1.40719E+03 |     1173    | 7.55244E+01 
 11|  4800  |     1173    |     1453    | 1.36529E+03 |     1173    | 6.67099E+01 
 12|  5200  |     1134    |     1411    | 1.32123E+03 |     1134    | 6.02701E+01 
 13|  5600  |     1085    |     1351    | 1.27966E+03 |     1085    | 5.05717E+01 
 14|  6000  |     1085    |     1307    | 1.24827E+03 |     1085    | 4.26222E+01 
 15|  6400  |     1085    |     1269    | 1.22331E+03 |     1085    | 3.82099E+01 
 16|  6800  |     1080    |     1247    | 1.20193E+03 |     1080    | 3.60756E+01 
 17|  7200  |     1080    |     1226    | 1.18381E+03 |     1080    | 3.30588E+01 
 18|  7600  |     1075    |     1204    | 1.16503E+03 |     1075    | 3.09996E+01 
 19|  8000  |     1062    |     1185    | 1.14720E+03 |     1062    | 2.73718E+01 
 20|  8400  |     1062    |     1169    | 1.13477E+03 |     1062    | 2.28354E+01 
 21|  8800  |     1032    |     1151    | 1.12390E+03 |     1032    | 2.06501E+01 
 22|  9200  |     1032    |     1142    | 1.11583E+03 |     1032    | 1.99556E+01 
 23|  9600  |     1032    |     1131    | 1.10762E+03 |     1032    | 1.93158E+01 
 24| 10000  |     1032    |     1123    | 1.10015E+03 |     1032    | 1.90390E+01 
 25| 10400  |     1032    |     1116    | 1.09264E+03 |     1032    | 1.75907E+01 
 26| 10800  |     996     |     1108    | 1.08618E+03 |     996     | 1.72789E+01 
 27| 11200  |     996     |     1101    | 1.08090E+03 |     996     | 1.68876E+01 
 28| 11600  |     996     |     1095    | 1.07582E+03 |     996     | 1.62503E+01 
 29| 12000  |     995     |     1090    | 1.06989E+03 |     995     | 1.66848E+01 
 30| 12400  |     995     |     1085    | 1.06510E+03 |     995     | 1.67424E+01 
 31| 12800  |     995     |     1078    | 1.05954E+03 |     995     | 1.68307E+01 
 32| 13200  |     974     |     1074    | 1.05320E+03 |     974     | 1.85066E+01 
 33| 13600  |     974     |     1070    | 1.04793E+03 |     974     | 1.86991E+01 
 34| 14000  |     974     |     1065    | 1.04299E+03 |     974     | 1.85217E+01 
 35| 14400  |     974     |     1061    | 1.03955E+03 |     974     | 1.77400E+01 
 36| 14800  |     974     |     1055    | 1.03521E+03 |     974     | 1.69863E+01 
 37| 15200  |     974     |     1049    | 1.03103E+03 |     974     | 1.58169E+01 
 38| 15600  |     940     |     1045    | 1.02640E+03 |     940     | 1.65769E+01 
 39| 16000  |     940     |     1038    | 1.02139E+03 |     940     | 1.63781E+01 
 40| 16400  |     940     |     1038    | 1.01856E+03 |     940     | 1.63556E+01 
 41| 16800  |     940     |     1034    | 1.01463E+03 |     940     | 1.67497E+01 
 42| 17200  |     940     |     1032    | 1.01128E+03 |     940     | 1.63302E+01 
 43| 17600  |     940     |     1029    | 1.00740E+03 |     940     | 1.53600E+01 
 44| 18000  |     940     |     1023    | 1.00322E+03 |     940     | 1.40752E+01 
 45| 18400  |     940     |     1018    | 9.99883E+02 |     940     | 1.35118E+01 
 46| 18800  |     940     |     1014    | 9.97270E+02 |     940     | 1.30080E+01 
 47| 19200  |     940     |     1011    | 9.94332E+02 |     940     | 1.29725E+01 
 48| 19600  |     937     |     1008    | 9.90893E+02 |     937     | 1.25846E+01 
 49| 20000  |     937     |     1003    | 9.88305E+02 |     937     | 1.19705E+01 
 50| 20400  |     937     |     999     | 9.85630E+02 |     937     | 1.16935E+01 
 51| 20800  |     916     |     996     | 9.82883E+02 |     916     | 1.19941E+01 
 52| 21200  |     916     |     995     | 9.80658E+02 |     916     | 1.14604E+01 
 53| 21600  |     916     |     992     | 9.77808E+02 |     916     | 1.10775E+01 
 54| 22000  |     916     |     987     | 9.75232E+02 |     916     | 1.10301E+01 
 55| 22400  |     916     |     985     | 9.72970E+02 |     916     | 1.14144E+01 
 56| 22800  |     916     |     983     | 9.70648E+02 |     916     | 1.18741E+01 
 57| 23200  |     916     |     981     | 9.68685E+02 |     916     | 1.20115E+01 
 58| 23600  |     916     |     979     | 9.66655E+02 |     916     | 1.23053E+01 
 59| 24000  |     916     |     978     | 9.64965E+02 |     916     | 1.19402E+01 
 60| 24400  |     916     |     977     | 9.63175E+02 |     916     | 1.19513E+01 
 61| 24800  |     916     |     974     | 9.60472E+02 |     916     | 1.20557E+01 
 62| 25200  |     916     |     973     | 9.57595E+02 |     916     | 1.16130E+01 
 63| 25600  |     905     |     971     | 9.55510E+02 |     905     | 1.13532E+01 
 64| 26000  |     905     |     967     | 9.52755E+02 |     905     | 1.09950E+01 
 65| 26400  |     905     |     965     | 9.50820E+02 |     905     | 1.07990E+01 
 66| 26800  |     905     |     962     | 9.48475E+02 |     905     | 1.05860E+01 
 67| 27200  |     896     |     960     | 9.45683E+02 |     896     | 1.08049E+01 
 68| 27600  |     896     |     956     | 9.43793E+02 |     896     | 1.06510E+01 
 69| 28000  |     896     |     954     | 9.41665E+02 |     896     | 1.08675E+01 
 70| 28400  |     896     |     952     | 9.39320E+02 |     896     | 1.09010E+01 
 71| 28800  |     896     |     951     | 9.37385E+02 |     896     | 1.05644E+01 
 72| 29200  |     896     |     947     | 9.35467E+02 |     896     | 1.02288E+01 
 73| 29600  |     896     |     947     | 9.33253E+02 |     896     | 1.00888E+01 
 74| 30000  |     896     |     944     | 9.31050E+02 |     896     | 9.52825E+00 
 75| 30400  |     885     |     941     | 9.29475E+02 |     885     | 9.34582E+00 
 76| 30800  |     879     |     940     | 9.27148E+02 |     879     | 9.85346E+00 
 77| 31200  |     879     |     937     | 9.24918E+02 |     879     | 9.91845E+00 
 78| 31600  |     879     |     934     | 9.22837E+02 |     879     | 9.80006E+00 
 79| 32000  |     863     |     932     | 9.20240E+02 |     863     | 1.07702E+01 
 80| 32400  |     863     |     930     | 9.17820E+02 |     863     | 1.09155E+01 
 81| 32800  |     863     |     926     | 9.15830E+02 |     863     | 1.08934E+01 
 82| 33200  |     863     |     925     | 9.14465E+02 |     863     | 1.10616E+01 
 83| 33600  |     863     |     925     | 9.11865E+02 |     863     | 1.09321E+01 
 84| 34000  |     863     |     923     | 9.09340E+02 |     863     | 1.07759E+01 
 85| 34400  |     863     |     918     | 9.06550E+02 |     863     | 1.09760E+01 
 86| 34800  |     863     |     918     | 9.04235E+02 |     863     | 1.08340E+01 
 87| 35200  |     863     |     914     | 9.01602E+02 |     863     | 1.03472E+01 
 88| 35600  |     863     |     912     | 9.00038E+02 |     863     | 1.01684E+01 
 89| 36000  |     863     |     911     | 8.98035E+02 |     863     | 9.90902E+00 
 90| 36400  |     863     |     906     | 8.95717E+02 |     863     | 9.41874E+00 
 91| 36800  |     863     |     905     | 8.93370E+02 |     863     | 9.69861E+00 
 92| 37200  |     863     |     905     | 8.92003E+02 |     863     | 9.56439E+00 
 93| 37600  |     863     |     903     | 8.89260E+02 |     863     | 9.31973E+00 
 94| 38000  |     863     |     897     | 8.86372E+02 |     863     | 8.81809E+00 
 95| 38400  |     856     |     896     | 8.83962E+02 |     856     | 8.67589E+00 
 96| 38800  |     840     |     893     | 8.81200E+02 |     840     | 8.17037E+00 
 97| 39200  |     840     |     887     | 8.78455E+02 |     840     | 7.50719E+00 
 98| 39600  |     840     |     885     | 8.75962E+02 |     840     | 7.28225E+00 
 99| 40000  |     840     |     885     | 8.72852E+02 |     840     | 6.13602E+00 
100| 40400  |     840     |     878     | 8.70150E+02 |     840     | 4.92011E+00 
101| 40800  |     840     |     870     | 8.68335E+02 |     840     | 4.61712E+00 
102| 41200  |     840     |     870     | 8.67825E+02 |     840     | 5.33520E+00 
103| 41600  |     840     |     870     | 8.67075E+02 |     840     | 5.87021E+00 
104| 42000  |     840     |     870     | 8.65860E+02 |     840     | 6.63140E+00 
105| 42400  |     838     |     870     | 8.64510E+02 |     838     | 7.39391E+00 
106| 42800  |     838     |     870     | 8.62445E+02 |     838     | 7.95405E+00 
107| 43200  |     838     |     870     | 8.60327E+02 |     838     | 7.96619E+00 
108| 43600  |     838     |     868     | 8.57650E+02 |     838     | 8.07078E+00 
109| 44000  |     838     |     864     | 8.54808E+02 |     838     | 7.76952E+00 
110| 44400  |     838     |     863     | 8.51810E+02 |     838     | 7.20791E+00 
111| 44800  |     838     |     860     | 8.48938E+02 |     838     | 6.39598E+00 
112| 45200  |     838     |     856     | 8.46413E+02 |     838     | 5.52606E+00 
113| 45600  |     838     |     851     | 8.44180E+02 |     838     | 4.58122E+00 
114| 46000  |     838     |     850     | 8.42285E+02 |     838     | 3.61991E+00 
115| 46400  |     838     |     846     | 8.40480E+02 |     838     | 1.52302E+00 
116| 46800  |     838     |     841     | 8.39832E+02 |     838     | 6.59123E-01 
117| 47200  |     838     |     840     | 8.39707E+02 |     838     | 6.97814E-01 
118| 47600  |     838     |     840     | 8.39587E+02 |     838     | 7.98338E-01 
119| 48000  |     832     |     840     | 8.39438E+02 |     832     | 9.49260E-01 
120| 48400  |     832     |     840     | 8.39225E+02 |     832     | 1.07674E+00 
121| 48800  |     832     |     840     | 8.39033E+02 |     832     | 1.09838E+00 
122| 49200  |     832     |     840     | 8.38692E+02 |     832     | 1.05021E+00 
123| 49600  |     832     |     840     | 8.38423E+02 |     832     | 9.26819E-01 
124| 50000  |     832     |     840     | 8.38107E+02 |     832     | 7.18292E-01 
125| 50400  |     832     |     838     | 8.37947E+02 |     832     | 5.38279E-01 
126| 50800  |     832     |     838     | 8.37947E+02 |     832     | 5.38279E-01 
127| 51200  |     832     |     838     | 8.37933E+02 |     832     | 6.14771E-01 
128| 51600  |     832     |     838     | 8.37918E+02 |     832     | 6.82418E-01 
129| 52000  |     832     |     838     | 8.37895E+02 |     832     | 7.57611E-01 
130| 52400  |     832     |     838     | 8.37850E+02 |     832     | 9.12414E-01 
131| 52800  |     832     |     838     | 8.37812E+02 |     832     | 1.01111E+00 
132| 53200  |     832     |     838     | 8.37795E+02 |     832     | 1.03826E+00 
133| 53600  |     832     |     838     | 8.37735E+02 |     832     | 1.16824E+00 
134| 54000  |     832     |     838     | 8.37610E+02 |     832     | 1.39567E+00 
135| 54400  |     832     |     838     | 8.37528E+02 |     832     | 1.53272E+00 
136| 54800  |     832     |     838     | 8.37403E+02 |     832     | 1.69720E+00 
137| 55200  |     832     |     838     | 8.37092E+02 |     832     | 2.04057E+00 
138| 55600  |     832     |     838     | 8.36852E+02 |     832     | 2.23400E+00 
139| 56000  |     832     |     838     | 8.36538E+02 |     832     | 2.42561E+00 
140| 56400  |     832     |     838     | 8.36035E+02 |     832     | 2.65213E+00 
141| 56800  |     831     |     838     | 8.35525E+02 |     831     | 2.78467E+00 
142| 57200  |     831     |     838     | 8.34742E+02 |     831     | 2.76879E+00 
143| 57600  |     831     |     838     | 8.33950E+02 |     831     | 2.53032E+00 
144| 58000  |     831     |     838     | 8.33117E+02 |     831     | 1.94517E+00 
145| 58400  |     831     |     835     | 8.32285E+02 |     831     | 7.83438E-01 
146| 58800  |     831     |     832     | 8.31987E+02 |     831     | 1.11102E-01 
147| 59200  |     831     |     832     | 8.31982E+02 |     831     | 1.31125E-01 
148| 59600  |     831     |     832     | 8.31975E+02 |     831     | 1.56125E-01 
149| 60000  |     831     |     832     | 8.31970E+02 |     831     | 1.70587E-01 
150| 60400  |     826     |     832     | 8.31950E+02 |     826     | 3.50000E-01 
151| 60800  |     826     |     832     | 8.31923E+02 |     826     | 4.75914E-01 
152| 61200  |     824     |     832     | 8.31878E+02 |     824     | 7.36542E-01 
153| 61600  |     823     |     832     | 8.31780E+02 |     823     | 1.03518E+00 
154| 62000  |     823     |     832     | 8.31712E+02 |     823     | 1.18947E+00 
155| 62400  |     823     |     832     | 8.31558E+02 |     823     | 1.56099E+00 
156| 62800  |     823     |     832     | 8.31400E+02 |     823     | 1.81934E+00 
157| 63200  |     823     |     832     | 8.31168E+02 |     823     | 2.11529E+00 
158| 63600  |     821     |     832     | 8.30810E+02 |     821     | 2.50278E+00 
159| 64000  |     821     |     832     | 8.30457E+02 |     821     | 2.77546E+00 
160| 64400  |     821     |     832     | 8.29883E+02 |     821     | 3.12069E+00 
161| 64800  |     821     |     832     | 8.29192E+02 |     821     | 3.38902E+00 
162| 65200  |     821     |     832     | 8.28163E+02 |     821     | 3.50658E+00 
163| 65600  |     821     |     831     | 8.27075E+02 |     821     | 3.44447E+00 
164| 66000  |     817     |     831     | 8.26033E+02 |     817     | 3.18692E+00 
165| 66400  |     817     |     831     | 8.24845E+02 |     817     | 2.34328E+00 
166| 66800  |     817     |     826     | 8.23880E+02 |     817     | 9.19565E-01 
167| 67200  |     817     |     824     | 8.23722E+02 |     817     | 8.33963E-01 
168| 67600  |     817     |     824     | 8.23663E+02 |     817     | 8.82380E-01 
169| 68000  |     817     |     824     | 8.23548E+02 |     817     | 1.02115E+00 
170| 68400  |     817     |     824     | 8.23428E+02 |     817     | 1.10442E+00 
171| 68800  |     817     |     824     | 8.23300E+02 |     817     | 1.16833E+00 
172| 69200  |     817     |     824     | 8.23097E+02 |     817     | 1.23004E+00 
173| 69600  |     817     |     824     | 8.22840E+02 |     817     | 1.31697E+00 
174| 70000  |     810     |     824     | 8.22565E+02 |     810     | 1.58296E+00 
175| 70400  |     810     |     824     | 8.22355E+02 |     810     | 1.57765E+00 
176| 70800  |     810     |     824     | 8.22040E+02 |     810     | 1.49278E+00 
177| 71200  |     810     |     823     | 8.21665E+02 |     810     | 1.52242E+00 
178| 71600  |     806     |     823     | 8.21403E+02 |     806     | 1.69573E+00 
179| 72000  |     806     |     823     | 8.21110E+02 |     806     | 1.68905E+00 
180| 72400  |     806     |     823     | 8.20670E+02 |     806     | 1.63282E+00 
181| 72800  |     806     |     821     | 8.20577E+02 |     806     | 1.67302E+00 
182| 73200  |     806     |     821     | 8.20465E+02 |     806     | 1.86246E+00 
183| 73600  |     805     |     821     | 8.20173E+02 |     805     | 2.39118E+00 
184| 74000  |     805     |     821     | 8.20065E+02 |     805     | 2.46694E+00 
185| 74400  |     805     |     821     | 8.19893E+02 |     805     | 2.57700E+00 
186| 74800  |     805     |     821     | 8.19710E+02 |     805     | 2.71125E+00 
187| 75200  |     805     |     821     | 8.19383E+02 |     805     | 2.99770E+00 
188| 75600  |     805     |     821     | 8.18900E+02 |     805     | 3.28024E+00 
189| 76000  |     805     |     821     | 8.18350E+02 |     805     | 3.42892E+00 
190| 76400  |     805     |     821     | 8.17773E+02 |     805     | 3.52431E+00 
191| 76800  |     805     |     821     | 8.16928E+02 |     805     | 3.59267E+00 
192| 77200  |     805     |     821     | 8.15933E+02 |     805     | 3.34334E+00 
193| 77600  |     805     |     820     | 8.14933E+02 |     805     | 2.99799E+00 
194| 78000  |     805     |     818     | 8.13970E+02 |     805     | 2.59405E+00 
195| 78400  |     805     |     817     | 8.13362E+02 |     805     | 2.50422E+00 
196| 78800  |     805     |     816     | 8.12702E+02 |     805     | 2.30738E+00 
197| 79200  |     805     |     814     | 8.12250E+02 |     805     | 2.47538E+00 
198| 79600  |     805     |     814     | 8.11898E+02 |     805     | 2.62240E+00 
199| 80000  |     805     |     814     | 8.11455E+02 |     805     | 2.67731E+00 
200| 80400  |     805     |     814     | 8.10908E+02 |     805     | 2.67094E+00 
201| 80800  |     805     |     814     | 8.10428E+02 |     805     | 2.52878E+00 
202| 81200  |     805     |     813     | 8.09710E+02 |     805     | 2.37506E+00 
203| 81600  |     805     |     813     | 8.08945E+02 |     805     | 2.10523E+00 
204| 82000  |     804     |     810     | 8.08398E+02 |     804     | 2.09272E+00 
205| 82400  |     804     |     810     | 8.07935E+02 |     804     | 2.16697E+00 
206| 82800  |     804     |     810     | 8.07442E+02 |     804     | 2.13815E+00 
207| 83200  |     804     |     810     | 8.06688E+02 |     804     | 1.86275E+00 
208| 83600  |     804     |     810     | 8.06065E+02 |     804     | 1.30605E+00 
209| 84000  |     804     |     806     | 8.05577E+02 |     804     | 5.13803E-01 
210| 84400  |     804     |     806     | 8.05477E+02 |     804     | 5.23922E-01 
211| 84800  |     804     |     806     | 8.05337E+02 |     804     | 5.13414E-01 
212| 85200  |     804     |     806     | 8.05195E+02 |     804     | 4.54945E-01 
213| 85600  |     803     |     806     | 8.05028E+02 |     803     | 3.48918E-01 
214| 86000  |     803     |     805     | 8.04945E+02 |     803     | 2.38694E-01 
215| 86400  |     803     |     805     | 8.04935E+02 |     803     | 2.56466E-01 
216| 86800  |     803     |     805     | 8.04918E+02 |     803     | 2.84066E-01 
217| 87200  |     803     |     805     | 8.04893E+02 |     803     | 3.25490E-01 
218| 87600  |     803     |     805     | 8.04872E+02 |     803     | 3.48201E-01 
219| 88000  |     803     |     805     | 8.04840E+02 |     803     | 3.80000E-01 
220| 88400  |     803     |     805     | 8.04798E+02 |     803     | 4.14118E-01 
221| 88800  |     803     |     805     | 8.04747E+02 |     803     | 4.62324E-01 
222| 89200  |     803     |     805     | 8.04650E+02 |     803     | 5.17204E-01 
223| 89600  |     803     |     805     | 8.04562E+02 |     803     | 5.39531E-01 
224| 90000  |     803     |     805     | 8.04433E+02 |     803     | 5.57175E-01 
225| 90400  |     803     |     805     | 8.04263E+02 |     803     | 5.37209E-01 
226| 90800  |     803     |     805     | 8.04035E+02 |     803     | 4.22818E-01 
227| 91200  |     803     |     804     | 8.03905E+02 |     803     | 2.93215E-01 
228| 91600  |     803     |     804     | 8.03888E+02 |     803     | 3.15981E-01 
229| 92000  |     803     |     804     | 8.03852E+02 |     803     | 3.54604E-01 
230| 92400  |     803     |     804     | 8.03810E+02 |     803     | 3.92301E-01 
231| 92800  |     803     |     804     | 8.03742E+02 |     803     | 4.37257E-01 
232| 93200  |     803     |     804     | 8.03675E+02 |     803     | 4.68375E-01 
233| 93600  |     803     |     804     | 8.03562E+02 |     803     | 4.96078E-01 
234| 94000  |     803     |     804     | 8.03455E+02 |     803     | 4.97971E-01 
235| 94400  |     803     |     804     | 8.03317E+02 |     803     | 4.65504E-01 
236| 94800  |     797     |     804     | 8.03150E+02 |     797     | 4.82183E-01 
237| 95200  |     797     |     804     | 8.02960E+02 |     797     | 5.22877E-01 
238| 95600  |     797     |     803     | 8.02940E+02 |     797     | 5.96992E-01 
239| 96000  |     797     |     803     | 8.02885E+02 |     797     | 8.10417E-01 
240| 96400  |     797     |     803     | 8.02790E+02 |     797     | 1.08439E+00 
241| 96800  |     797     |     803     | 8.02750E+02 |     797     | 1.17367E+00 
242| 97200  |     797     |     803     | 8.02605E+02 |     797     | 1.46081E+00 
243| 97600  |     797     |     803     | 8.02378E+02 |     797     | 1.80416E+00 
244| 98000  |     797     |     803     | 8.02285E+02 |     797     | 1.91671E+00 
245| 98400  |     789     |     803     | 8.02070E+02 |     789     | 2.20229E+00 
246| 98800  |     789     |     803     | 8.01872E+02 |     789     | 2.36986E+00 
247| 99200  |     789     |     803     | 8.01535E+02 |     789     | 2.71455E+00 
248| 99600  |     789     |     803     | 8.01197E+02 |     789     | 2.85280E+00 
249| 100000 |     789     |     803     | 8.00727E+02 |     789     | 2.99303E+00 
250| 100400 |     789     |     803     | 8.00232E+02 |     789     | 3.07790E+00 
251| 100800 |     789     |     803     | 7.99413E+02 |     789     | 3.07447E+00 
252| 101200 |     789     |     803     | 7.98633E+02 |     789     | 2.81113E+00 
253| 101600 |     789     |     803     | 7.97357E+02 |     789     | 1.77474E+00 
254| 102000 |     789     |     797     | 7.96760E+02 |     789     | 1.18844E+00 
255| 102400 |     789     |     797     | 7.96715E+02 |     789     | 1.29374E+00 
256| 102800 |     789     |     797     | 7.96640E+02 |     789     | 1.45272E+00 
257| 103200 |     789     |     797     | 7.96505E+02 |     789     | 1.71609E+00 
258| 103600 |     789     |     797     | 7.96315E+02 |     789     | 1.95596E+00 
259| 104000 |     789     |     797     | 7.96165E+02 |     789     | 2.09351E+00 
260| 104400 |     787     |     797     | 7.95940E+02 |     787     | 2.31547E+00 
261| 104800 |     787     |     797     | 7.95590E+02 |     787     | 2.55869E+00 
262| 105200 |     786     |     797     | 7.95175E+02 |     786     | 2.81591E+00 
263| 105600 |     786     |     797     | 7.94750E+02 |     786     | 2.95000E+00 
264| 106000 |     786     |     797     | 7.94070E+02 |     786     | 3.12091E+00 
265| 106400 |     786     |     797     | 7.93115E+02 |     786     | 3.10914E+00 
266| 106800 |     786     |     797     | 7.92322E+02 |     786     | 2.85105E+00 
267| 107200 |     786     |     797     | 7.91470E+02 |     786     | 2.26254E+00 
268| 107600 |     786     |     794     | 7.90722E+02 |     786     | 1.67197E+00 
269| 108000 |     786     |     792     | 7.90403E+02 |     786     | 1.69867E+00 
270| 108400 |     786     |     792     | 7.89972E+02 |     786     | 1.71515E+00 
271| 108800 |     786     |     792     | 7.89455E+02 |     786     | 1.58208E+00 
272| 109200 |     786     |     792     | 7.89005E+02 |     786     | 1.26094E+00 
273| 109600 |     786     |     789     | 7.88670E+02 |     786     | 8.25288E-01 
274| 110000 |     786     |     789     | 7.88597E+02 |     786     | 9.00274E-01 
275| 110400 |     786     |     789     | 7.88503E+02 |     786     | 9.66951E-01 
276| 110800 |     786     |     789     | 7.88383E+02 |     786     | 1.04938E+00 
277| 111200 |     786     |     789     | 7.88247E+02 |     786     | 1.12305E+00 
278| 111600 |     786     |     789     | 7.88045E+02 |     786     | 1.18447E+00 
279| 112000 |     786     |     789     | 7.87753E+02 |     786     | 1.22933E+00 
280| 112400 |     786     |     789     | 7.87342E+02 |     786     | 1.18118E+00 
281| 112800 |     786     |     789     | 7.87035E+02 |     786     | 1.03864E+00 
282| 113200 |     786     |     789     | 7.86668E+02 |     786     | 6.86982E-01 
283| 113600 |     778     |     787     | 7.86435E+02 |     778     | 6.52514E-01 
284| 114000 |     778     |     787     | 7.86247E+02 |     778     | 8.52199E-01 
285| 114400 |     777     |     787     | 7.86045E+02 |     777     | 8.98874E-01 
286| 114800 |     777     |     786     | 7.85915E+02 |     777     | 8.23271E-01 
287| 115200 |     777     |     786     | 7.85895E+02 |     777     | 9.13222E-01 
288| 115600 |     777     |     786     | 7.85832E+02 |     777     | 1.15734E+00 
289| 116000 |     777     |     786     | 7.85712E+02 |     777     | 1.49828E+00 
290| 116400 |     777     |     786     | 7.85587E+02 |     777     | 1.78951E+00 
291| 116800 |     777     |     786     | 7.85400E+02 |     777     | 2.13073E+00 
292| 117200 |     777     |     786     | 7.85112E+02 |     777     | 2.53768E+00 
293| 117600 |     777     |     786     | 7.84712E+02 |     777     | 2.98494E+00 
294| 118000 |     777     |     786     | 7.83888E+02 |     777     | 3.59094E+00 
种群信息导出完毕。
评价次数：118000
时间已过 92.28564238548279 秒
最小的救援时间为：777
最优的救援方案为：
第1辆车的救援路线：车库→受灾点13→避难所34→救援结束
第2辆车的救援路线：车库→受灾点18→避难所26→救援结束
第3辆车的救援路线：车库→受灾点7→避难所42→受灾点13→避难所41→受灾点11→避难所35→救援结束
第4辆车的救援路线：车库→受灾点16→避难所32→受灾点16→避难所34→救援结束
第5辆车的救援路线：车库→受灾点16→避难所34→受灾点5→避难所34→受灾点5→避难所38→受灾点18→避难所35→救援结束
第6辆车的救援路线：车库→受灾点7→避难所26→受灾点11→避难所38→受灾点5→避难所34→受灾点14→避难所32→受灾点2→避难所42→救援结束
第7辆车的救援路线：车库→受灾点16→避难所41→受灾点13→避难所45→受灾点18→避难所42→救援结束
第8辆车的救援路线：车库→受灾点11→避难所43→受灾点18→避难所34→受灾点20→避难所34→救援结束
第9辆车的救援路线：车库→受灾点2→避难所45→受灾点16→避难所40→受灾点7→避难所34→受灾点10→避难所35→救援结束
第10辆车的救援路线：车库→受灾点16→避难所35→救援结束
第11辆车的救援路线：车库→受灾点20→避难所45→受灾点21→避难所45→受灾点13→避难所30→受灾点7→避难所32→救援结束
第12辆车的救援路线：车库→受灾点11→避难所30→受灾点5→避难所34→受灾点11→避难所34→受灾点16→避难所26→受灾点22→避难所38→救援结束
第13辆车的救援路线：车库→受灾点10→避难所36→受灾点16→避难所45→救援结束
第14辆车的救援路线：车库→受灾点10→避难所34→受灾点16→避难所44→受灾点16→避难所45→救援结束
第15辆车的救援路线：车库→受灾点16→避难所34→受灾点6→避难所40→受灾点10→避难所38→救援结束
第16辆车的救援路线：车库→受灾点13→避难所34→受灾点5→避难所41→受灾点19→避难所34→救援结束
第17辆车的救援路线：车库→受灾点16→避难所34→受灾点16→避难所35→救援结束
第18辆车的救援路线：车库→受灾点9→避难所34→受灾点16→避难所34→受灾点22→避难所34→救援结束
第19辆车的救援路线：车库→受灾点20→避难所38→受灾点3→避难所42→救援结束
第20辆车的救援路线：车库→受灾点5→避难所44→受灾点16→避难所34→受灾点2→避难所38→受灾点18→避难所26→救援结束
第21辆车的救援路线：车库→受灾点18→避难所34→受灾点11→避难所34→受灾点7→避难所30→受灾点1→避难所30→受灾点6→避难所38→救援结束
第22辆车的救援路线：车库→受灾点21→避难所32→受灾点5→避难所42→救援结束
第23辆车的救援路线：车库→受灾点10→避难所30→受灾点13→避难所23→救援结束
第24辆车的救援路线：车库→受灾点13→避难所33→受灾点5→避难所34→救援结束
第25辆车的救援路线：车库→受灾点13→避难所32→救援结束
第26辆车的救援路线：车库→受灾点4→避难所36→受灾点18→避难所34→受灾点5→避难所34→受灾点16→避难所34→救援结束
第27辆车的救援路线：车库→受灾点11→避难所34→救援结束
第28辆车的救援路线：车库→受灾点16→避难所42→受灾点1→避难所30→受灾点16→避难所34→救援结束
第29辆车的救援路线：车库→受灾点16→避难所40→救援结束
第30辆车的救援路线：车库→受灾点21→避难所41→受灾点16→避难所34→救援结束
第31辆车的救援路线：车库→受灾点16→避难所35→受灾点13→避难所32→救援结束
第32辆车的救援路线：车库→受灾点19→避难所34→受灾点16→避难所34→受灾点13→避难所34→救援结束
第33辆车的救援路线：车库→受灾点21→避难所34→受灾点18→避难所45→救援结束
第34辆车的救援路线：车库→受灾点15→避难所41→受灾点11→避难所40→受灾点11→避难所34→救援结束
第35辆车的救援路线：车库→受灾点1→避难所34→受灾点5→避难所45→受灾点13→避难所34→受灾点13→避难所34→救援结束
第36辆车的救援路线：车库→受灾点11→避难所34→受灾点5→避难所40→受灾点13→避难所32→受灾点13→避难所34→救援结束
第37辆车的救援路线：车库→受灾点14→避难所42→救援结束
第38辆车的救援路线：车库→受灾点15→避难所34→受灾点13→避难所31→救援结束
第39辆车的救援路线：车库→受灾点11→避难所45→救援结束
第40辆车的救援路线：车库→受灾点11→避难所38→受灾点7→避难所34→救援结束
第41辆车的救援路线：车库→受灾点15→避难所32→受灾点6→避难所32→受灾点16→避难所27→受灾点13→避难所41→救援结束
第42辆车的救援路线：车库→受灾点5→避难所34→受灾点17→避难所46→受灾点20→避难所27→救援结束
第43辆车的救援路线：车库→受灾点6→避难所34→受灾点3→避难所35→受灾点6→避难所45→受灾点10→避难所26→救援结束
第44辆车的救援路线：车库→受灾点2→避难所34→受灾点12→避难所34→受灾点8→避难所45→受灾点16→避难所38→受灾点10→避难所34→救援结束
第45辆车的救援路线：车库→受灾点11→避难所32→受灾点2→避难所32→受灾点7→避难所34→受灾点18→避难所34→受灾点5→避难所30→救援结束
第46辆车的救援路线：车库→受灾点14→避难所32→受灾点2→避难所32→受灾点18→避难所35→救援结束
第47辆车的救援路线：车库→受灾点10→避难所38→受灾点14→避难所34→受灾点16→避难所35→救援结束
第48辆车的救援路线：车库→受灾点13→避难所37→受灾点11→避难所32→受灾点16→避难所32→受灾点7→避难所34→救援结束
第49辆车的救援路线：车库→受灾点16→避难所40→受灾点10→避难所41→受灾点21→避难所45→救援结束
第50辆车的救援路线：车库→受灾点6→避难所40→受灾点18→避难所35→受灾点8→避难所29→救援结束
