==================================================================================
gen|  eval  |    f_opt    |    f_max    |    f_avg    |    f_min    |    f_std    
----------------------------------------------------------------------------------
 0 |  400   |     1367    |     5359    | 2.56130E+03 |     1367    | 5.89806E+02 
 1 |  800   |     1367    |     2365    | 2.04908E+03 |     1367    | 2.17332E+02 
 2 |  1200  |     1367    |     2099    | 1.86999E+03 |     1367    | 1.57904E+02 
 3 |  1600  |     1355    |     1942    | 1.76201E+03 |     1355    | 1.29037E+02 
 4 |  2000  |     1255    |     1834    | 1.68064E+03 |     1255    | 1.10207E+02 
 5 |  2400  |     1255    |     1736    | 1.60739E+03 |     1255    | 9.32841E+01 
 6 |  2800  |     1255    |     1663    | 1.55476E+03 |     1255    | 8.29376E+01 
 7 |  3200  |     1255    |     1610    | 1.50776E+03 |     1255    | 7.19424E+01 
 8 |  3600  |     1255    |     1560    | 1.46931E+03 |     1255    | 6.17259E+01 
 9 |  4000  |     1255    |     1510    | 1.43606E+03 |     1255    | 5.30881E+01 
 10|  4400  |     1248    |     1472    | 1.41153E+03 |     1248    | 4.92997E+01 
 11|  4800  |     1248    |     1447    | 1.38850E+03 |     1248    | 4.64043E+01 
 12|  5200  |     1224    |     1422    | 1.36461E+03 |     1224    | 4.22737E+01 
 13|  5600  |     1199    |     1403    | 1.34967E+03 |     1199    | 4.09176E+01 
 14|  6000  |     1167    |     1381    | 1.32763E+03 |     1167    | 4.18484E+01 
 15|  6400  |     1118    |     1358    | 1.30530E+03 |     1118    | 4.33782E+01 
 16|  6800  |     1118    |     1333    | 1.28242E+03 |     1118    | 4.14136E+01 
 17|  7200  |     1118    |     1313    | 1.26258E+03 |     1118    | 3.99354E+01 
 18|  7600  |     1118    |     1287    | 1.24094E+03 |     1118    | 3.81566E+01 
 19|  8000  |     1051    |     1269    | 1.22099E+03 |     1051    | 3.59930E+01 
 20|  8400  |     1051    |     1248    | 1.20371E+03 |     1051    | 3.33736E+01 
 21|  8800  |     1051    |     1228    | 1.18877E+03 |     1051    | 3.16602E+01 
 22|  9200  |     1051    |     1213    | 1.17507E+03 |     1051    | 3.14818E+01 
 23|  9600  |     1051    |     1199    | 1.16301E+03 |     1051    | 2.92588E+01 
 24| 10000  |     1019    |     1184    | 1.14968E+03 |     1019    | 2.86453E+01 
 25| 10400  |     1019    |     1173    | 1.13914E+03 |     1019    | 2.84037E+01 
 26| 10800  |     1019    |     1163    | 1.12881E+03 |     1019    | 2.68625E+01 
 27| 11200  |     1019    |     1151    | 1.12069E+03 |     1019    | 2.65098E+01 
 28| 11600  |     1019    |     1142    | 1.11115E+03 |     1019    | 2.42626E+01 
 29| 12000  |     1019    |     1130    | 1.10248E+03 |     1019    | 2.33803E+01 
 30| 12400  |     1019    |     1123    | 1.09443E+03 |     1019    | 2.14661E+01 
 31| 12800  |     1013    |     1114    | 1.08823E+03 |     1013    | 2.01471E+01 
 32| 13200  |     986     |     1106    | 1.08316E+03 |     986     | 1.97952E+01 
 33| 13600  |     986     |     1101    | 1.07915E+03 |     986     | 1.95882E+01 
 34| 14000  |     986     |     1097    | 1.07565E+03 |     986     | 1.93714E+01 
 35| 14400  |     986     |     1094    | 1.07070E+03 |     986     | 1.90522E+01 
 36| 14800  |     986     |     1089    | 1.06584E+03 |     986     | 1.83208E+01 
 37| 15200  |     986     |     1084    | 1.06146E+03 |     986     | 1.76075E+01 
 38| 15600  |     986     |     1080    | 1.05662E+03 |     986     | 1.62386E+01 
 39| 16000  |     986     |     1075    | 1.05342E+03 |     986     | 1.53763E+01 
 40| 16400  |     986     |     1070    | 1.04980E+03 |     986     | 1.38782E+01 
 41| 16800  |     986     |     1064    | 1.04693E+03 |     986     | 1.29650E+01 
 42| 17200  |     986     |     1061    | 1.04386E+03 |     986     | 1.26289E+01 
 43| 17600  |     986     |     1056    | 1.04143E+03 |     986     | 1.23016E+01 
 44| 18000  |     986     |     1053    | 1.03979E+03 |     986     | 1.19432E+01 
 45| 18400  |     986     |     1052    | 1.03818E+03 |     986     | 1.16858E+01 
 46| 18800  |     986     |     1051    | 1.03561E+03 |     986     | 1.17929E+01 
 47| 19200  |     986     |     1049    | 1.03235E+03 |     986     | 1.08559E+01 
 48| 19600  |     986     |     1043    | 1.02902E+03 |     986     | 9.97032E+00 
 49| 20000  |     972     |     1038    | 1.02589E+03 |     972     | 9.64282E+00 
 50| 20400  |     972     |     1038    | 1.02308E+03 |     972     | 8.95995E+00 
 51| 20800  |     972     |     1032    | 1.01958E+03 |     972     | 7.74101E+00 
 52| 21200  |     972     |     1026    | 1.01663E+03 |     972     | 6.24445E+00 
 53| 21600  |     972     |     1019    | 1.01491E+03 |     972     | 6.65650E+00 
 54| 22000  |     953     |     1019    | 1.01287E+03 |     953     | 8.72332E+00 
 55| 22400  |     953     |     1017    | 1.01017E+03 |     953     | 1.03113E+01 
 56| 22800  |     953     |     1015    | 1.00802E+03 |     953     | 1.18448E+01 
 57| 23200  |     953     |     1015    | 1.00537E+03 |     953     | 1.26312E+01 
 58| 23600  |     945     |     1015    | 1.00170E+03 |     945     | 1.39661E+01 
 59| 24000  |     945     |     1014    | 9.98043E+02 |     945     | 1.35566E+01 
 60| 24400  |     945     |     1012    | 9.94303E+02 |     945     | 1.31657E+01 
 61| 24800  |     941     |     1004    | 9.90312E+02 |     941     | 1.27579E+01 
 62| 25200  |     941     |     1000    | 9.86525E+02 |     941     | 1.32333E+01 
 63| 25600  |     941     |     999     | 9.83013E+02 |     941     | 1.29523E+01 
 64| 26000  |     920     |     995     | 9.78513E+02 |     920     | 1.24854E+01 
 65| 26400  |     920     |     990     | 9.73622E+02 |     920     | 1.24155E+01 
 66| 26800  |     920     |     986     | 9.69830E+02 |     920     | 1.17861E+01 
 67| 27200  |     920     |     981     | 9.66658E+02 |     920     | 1.15730E+01 
 68| 27600  |     920     |     977     | 9.63815E+02 |     920     | 1.17591E+01 
 69| 28000  |     920     |     973     | 9.60883E+02 |     920     | 1.18061E+01 
 70| 28400  |     920     |     972     | 9.58183E+02 |     920     | 1.16004E+01 
 71| 28800  |     920     |     971     | 9.55625E+02 |     920     | 1.13009E+01 
 72| 29200  |     920     |     966     | 9.51288E+02 |     920     | 1.04616E+01 
 73| 29600  |     920     |     963     | 9.48945E+02 |     920     | 9.95600E+00 
 74| 30000  |     884     |     960     | 9.45888E+02 |     884     | 9.75063E+00 
 75| 30400  |     884     |     957     | 9.43860E+02 |     884     | 8.97304E+00 
 76| 30800  |     884     |     953     | 9.41572E+02 |     884     | 8.63219E+00 
 77| 31200  |     884     |     951     | 9.39707E+02 |     884     | 8.35086E+00 
 78| 31600  |     884     |     949     | 9.37862E+02 |     884     | 8.54451E+00 
 79| 32000  |     884     |     946     | 9.36293E+02 |     884     | 8.28746E+00 
 80| 32400  |     884     |     943     | 9.34900E+02 |     884     | 8.09660E+00 
 81| 32800  |     884     |     941     | 9.33462E+02 |     884     | 8.35306E+00 
 82| 33200  |     884     |     941     | 9.31995E+02 |     884     | 8.41308E+00 
 83| 33600  |     884     |     941     | 9.30528E+02 |     884     | 8.58832E+00 
 84| 34000  |     884     |     940     | 9.28538E+02 |     884     | 8.23976E+00 
 85| 34400  |     884     |     938     | 9.27013E+02 |     884     | 7.98701E+00 
 86| 34800  |     884     |     936     | 9.25092E+02 |     884     | 7.59499E+00 
 87| 35200  |     884     |     933     | 9.23135E+02 |     884     | 7.60012E+00 
 88| 35600  |     884     |     930     | 9.21702E+02 |     884     | 7.60717E+00 
 89| 36000  |     884     |     928     | 9.19837E+02 |     884     | 7.95714E+00 
 90| 36400  |     884     |     928     | 9.18268E+02 |     884     | 8.48327E+00 
 91| 36800  |     884     |     926     | 9.16150E+02 |     884     | 8.84774E+00 
 92| 37200  |     879     |     924     | 9.14430E+02 |     879     | 9.02303E+00 
 93| 37600  |     879     |     922     | 9.12592E+02 |     879     | 9.16032E+00 
 94| 38000  |     879     |     922     | 9.11342E+02 |     879     | 8.97776E+00 
 95| 38400  |     879     |     920     | 9.09370E+02 |     879     | 9.25517E+00 
 96| 38800  |     879     |     918     | 9.07675E+02 |     879     | 9.07466E+00 
 97| 39200  |     879     |     917     | 9.06425E+02 |     879     | 8.83116E+00 
 98| 39600  |     879     |     916     | 9.04535E+02 |     879     | 8.44800E+00 
 99| 40000  |     879     |     914     | 9.02440E+02 |     879     | 7.82281E+00 
100| 40400  |     879     |     911     | 9.00570E+02 |     879     | 7.19063E+00 
101| 40800  |     875     |     909     | 8.98038E+02 |     875     | 6.21378E+00 
102| 41200  |     875     |     903     | 8.96125E+02 |     875     | 5.36930E+00 
103| 41600  |     867     |     901     | 8.94732E+02 |     867     | 5.74639E+00 
104| 42000  |     867     |     898     | 8.93135E+02 |     867     | 6.15685E+00 
105| 42400  |     867     |     898     | 8.91523E+02 |     867     | 6.52836E+00 
106| 42800  |     867     |     898     | 8.89438E+02 |     867     | 6.54646E+00 
107| 43200  |     867     |     896     | 8.87405E+02 |     867     | 5.99508E+00 
108| 43600  |     867     |     893     | 8.85135E+02 |     867     | 5.01216E+00 
109| 44000  |     867     |     890     | 8.83265E+02 |     867     | 3.88327E+00 
110| 44400  |     858     |     884     | 8.82107E+02 |     858     | 4.09035E+00 
111| 44800  |     858     |     884     | 8.81378E+02 |     858     | 4.56454E+00 
112| 45200  |     858     |     884     | 8.80393E+02 |     858     | 5.02130E+00 
113| 45600  |     848     |     884     | 8.79225E+02 |     848     | 5.68193E+00 
114| 46000  |     848     |     884     | 8.77592E+02 |     848     | 5.86826E+00 
115| 46400  |     848     |     884     | 8.75572E+02 |     848     | 5.50316E+00 
116| 46800  |     848     |     882     | 8.73810E+02 |     848     | 4.68657E+00 
117| 47200  |     848     |     879     | 8.72112E+02 |     848     | 3.61453E+00 
118| 47600  |     840     |     875     | 8.70788E+02 |     840     | 4.14938E+00 
119| 48000  |     840     |     874     | 8.69952E+02 |     840     | 4.11889E+00 
120| 48400  |     840     |     872     | 8.69207E+02 |     840     | 4.73386E+00 
121| 48800  |     840     |     872     | 8.68567E+02 |     840     | 4.98502E+00 
122| 49200  |     840     |     872     | 8.67263E+02 |     840     | 5.26532E+00 
123| 49600  |     840     |     870     | 8.66457E+02 |     840     | 5.37570E+00 
124| 50000  |     840     |     870     | 8.65393E+02 |     840     | 5.72306E+00 
125| 50400  |     840     |     870     | 8.64175E+02 |     840     | 6.09585E+00 
126| 50800  |     840     |     870     | 8.62872E+02 |     840     | 6.10420E+00 
127| 51200  |     840     |     867     | 8.61495E+02 |     840     | 5.88770E+00 
128| 51600  |     840     |     867     | 8.60372E+02 |     840     | 5.83042E+00 
129| 52000  |     839     |     867     | 8.58923E+02 |     839     | 5.75643E+00 
130| 52400  |     839     |     864     | 8.57327E+02 |     839     | 5.64094E+00 
131| 52800  |     839     |     861     | 8.56188E+02 |     839     | 5.61893E+00 
132| 53200  |     839     |     861     | 8.54822E+02 |     839     | 5.95407E+00 
133| 53600  |     839     |     860     | 8.53408E+02 |     839     | 5.86186E+00 
134| 54000  |     839     |     858     | 8.52030E+02 |     839     | 6.04641E+00 
135| 54400  |     839     |     857     | 8.50400E+02 |     839     | 6.05888E+00 
136| 54800  |     839     |     857     | 8.48880E+02 |     839     | 5.92247E+00 
137| 55200  |     839     |     856     | 8.47048E+02 |     839     | 5.45071E+00 
138| 55600  |     839     |     853     | 8.45050E+02 |     839     | 4.39460E+00 
139| 56000  |     839     |     848     | 8.43602E+02 |     839     | 3.78609E+00 
140| 56400  |     839     |     848     | 8.42685E+02 |     839     | 3.55117E+00 
141| 56800  |     839     |     847     | 8.41352E+02 |     839     | 2.71353E+00 
142| 57200  |     839     |     846     | 8.40270E+02 |     839     | 1.37007E+00 
143| 57600  |     839     |     840     | 8.39765E+02 |     839     | 4.23999E-01 
144| 58000  |     839     |     840     | 8.39692E+02 |     839     | 4.61458E-01 
145| 58400  |     838     |     840     | 8.39628E+02 |     838     | 4.88614E-01 
146| 58800  |     838     |     840     | 8.39543E+02 |     838     | 5.03184E-01 
147| 59200  |     838     |     840     | 8.39423E+02 |     838     | 5.03978E-01 
148| 59600  |     833     |     840     | 8.39260E+02 |     833     | 5.54437E-01 
149| 60000  |     833     |     840     | 8.39097E+02 |     833     | 4.72222E-01 
150| 60400  |     832     |     839     | 8.38938E+02 |     832     | 5.27820E-01 
151| 60800  |     832     |     839     | 8.38885E+02 |     832     | 7.97982E-01 
152| 61200  |     832     |     839     | 8.38847E+02 |     832     | 9.18827E-01 
153| 61600  |     832     |     839     | 8.38825E+02 |     832     | 9.84568E-01 
154| 62000  |     827     |     839     | 8.38700E+02 |     827     | 1.30958E+00 
155| 62400  |     827     |     839     | 8.38562E+02 |     827     | 1.58937E+00 
156| 62800  |     827     |     839     | 8.38430E+02 |     827     | 1.74645E+00 
157| 63200  |     827     |     839     | 8.38237E+02 |     827     | 1.94064E+00 
158| 63600  |     827     |     839     | 8.38048E+02 |     827     | 2.09051E+00 
159| 64000  |     827     |     839     | 8.37747E+02 |     827     | 2.38825E+00 
160| 64400  |     827     |     839     | 8.37403E+02 |     827     | 2.63827E+00 
161| 64800  |     827     |     839     | 8.36855E+02 |     827     | 2.96883E+00 
162| 65200  |     827     |     839     | 8.36263E+02 |     827     | 3.16916E+00 
163| 65600  |     827     |     839     | 8.35332E+02 |     827     | 3.25145E+00 
164| 66000  |     827     |     838     | 8.34395E+02 |     827     | 3.07961E+00 
165| 66400  |     827     |     838     | 8.33410E+02 |     827     | 2.85340E+00 
166| 66800  |     827     |     837     | 8.32293E+02 |     827     | 2.25543E+00 
167| 67200  |     826     |     833     | 8.31523E+02 |     826     | 1.67018E+00 
168| 67600  |     826     |     832     | 8.31295E+02 |     826     | 1.70674E+00 
169| 68000  |     826     |     832     | 8.31058E+02 |     826     | 1.93241E+00 
170| 68400  |     826     |     832     | 8.30702E+02 |     826     | 2.17232E+00 
171| 68800  |     826     |     832     | 8.30332E+02 |     826     | 2.32528E+00 
172| 69200  |     826     |     832     | 8.29800E+02 |     826     | 2.44029E+00 
173| 69600  |     826     |     832     | 8.29165E+02 |     826     | 2.42544E+00 
174| 70000  |     826     |     832     | 8.28482E+02 |     826     | 2.22928E+00 
175| 70400  |     826     |     832     | 8.27635E+02 |     826     | 1.60835E+00 
176| 70800  |     826     |     828     | 8.26955E+02 |     826     | 2.50948E-01 
177| 71200  |     826     |     827     | 8.26925E+02 |     826     | 2.63391E-01 
178| 71600  |     821     |     827     | 8.26878E+02 |     821     | 4.44403E-01 
179| 72000  |     821     |     827     | 8.26805E+02 |     821     | 5.31013E-01 
180| 72400  |     821     |     827     | 8.26712E+02 |     821     | 7.31330E-01 
181| 72800  |     821     |     827     | 8.26580E+02 |     821     | 8.93644E-01 
182| 73200  |     821     |     827     | 8.26372E+02 |     821     | 1.09030E+00 
183| 73600  |     821     |     827     | 8.26105E+02 |     821     | 1.23247E+00 
184| 74000  |     821     |     827     | 8.25780E+02 |     821     | 1.33851E+00 
185| 74400  |     821     |     826     | 8.25445E+02 |     821     | 1.45670E+00 
186| 74800  |     821     |     826     | 8.25207E+02 |     821     | 1.69247E+00 
187| 75200  |     821     |     826     | 8.24770E+02 |     821     | 2.00552E+00 
188| 75600  |     806     |     826     | 8.24305E+02 |     806     | 2.36474E+00 
189| 76000  |     806     |     826     | 8.23753E+02 |     806     | 2.42925E+00 
190| 76400  |     806     |     826     | 8.22960E+02 |     806     | 2.49066E+00 
191| 76800  |     806     |     826     | 8.21817E+02 |     806     | 2.22018E+00 
192| 77200  |     806     |     823     | 8.21055E+02 |     806     | 1.58176E+00 
193| 77600  |     806     |     821     | 8.20812E+02 |     806     | 1.66654E+00 
194| 78000  |     806     |     821     | 8.20737E+02 |     806     | 1.96687E+00 
195| 78400  |     806     |     821     | 8.20513E+02 |     806     | 2.65986E+00 
196| 78800  |     806     |     821     | 8.20308E+02 |     806     | 3.11576E+00 
197| 79200  |     801     |     821     | 8.19995E+02 |     801     | 3.72088E+00 
198| 79600  |     800     |     821     | 8.19245E+02 |     800     | 4.77546E+00 
199| 80000  |     800     |     821     | 8.18395E+02 |     800     | 5.64703E+00 
200| 80400  |     800     |     821     | 8.17148E+02 |     800     | 6.53305E+00 
201| 80800  |     800     |     821     | 8.15680E+02 |     800     | 7.14931E+00 
202| 81200  |     800     |     821     | 8.13778E+02 |     800     | 7.52416E+00 
203| 81600  |     800     |     821     | 8.11562E+02 |     800     | 7.30007E+00 
204| 82000  |     800     |     821     | 8.08003E+02 |     800     | 5.35607E+00 
205| 82400  |     800     |     812     | 8.05533E+02 |     800     | 2.25254E+00 
206| 82800  |     797     |     806     | 8.04875E+02 |     797     | 2.16203E+00 
207| 83200  |     795     |     806     | 8.04455E+02 |     795     | 2.43372E+00 
208| 83600  |     795     |     806     | 8.03692E+02 |     795     | 2.71440E+00 
209| 84000  |     795     |     806     | 8.03122E+02 |     795     | 2.75998E+00 
210| 84400  |     795     |     806     | 8.02145E+02 |     795     | 2.61036E+00 
211| 84800  |     795     |     806     | 8.01020E+02 |     795     | 1.91170E+00 
212| 85200  |     795     |     801     | 8.00283E+02 |     795     | 1.19067E+00 
213| 85600  |     795     |     801     | 8.00015E+02 |     795     | 1.34156E+00 
214| 86000  |     795     |     801     | 7.99582E+02 |     795     | 1.46567E+00 
215| 86400  |     795     |     800     | 7.99067E+02 |     795     | 1.50265E+00 
216| 86800  |     795     |     800     | 7.98760E+02 |     795     | 1.61629E+00 
217| 87200  |     795     |     800     | 7.98245E+02 |     795     | 1.66432E+00 
218| 87600  |     795     |     800     | 7.97638E+02 |     795     | 1.57038E+00 
219| 88000  |     794     |     800     | 7.96783E+02 |     794     | 9.87519E-01 
220| 88400  |     794     |     797     | 7.96533E+02 |     794     | 8.47906E-01 
221| 88800  |     793     |     797     | 7.96345E+02 |     793     | 9.49197E-01 
222| 89200  |     793     |     797     | 7.96110E+02 |     793     | 9.98949E-01 
223| 89600  |     793     |     797     | 7.95812E+02 |     793     | 9.88607E-01 
224| 90000  |     793     |     797     | 7.95452E+02 |     793     | 8.41275E-01 
225| 90400  |     793     |     796     | 7.94995E+02 |     793     | 1.87016E-01 
226| 90800  |     789     |     795     | 7.94955E+02 |     789     | 3.71450E-01 
227| 91200  |     789     |     795     | 7.94947E+02 |     789     | 3.80452E-01 
228| 91600  |     789     |     795     | 7.94908E+02 |     789     | 5.18598E-01 
229| 92000  |     789     |     795     | 7.94880E+02 |     789     | 5.52811E-01 
230| 92400  |     789     |     795     | 7.94822E+02 |     789     | 6.64074E-01 
231| 92800  |     789     |     795     | 7.94758E+02 |     789     | 7.27113E-01 
232| 93200  |     789     |     795     | 7.94640E+02 |     789     | 8.86228E-01 
233| 93600  |     789     |     795     | 7.94508E+02 |     789     | 1.00992E+00 
234| 94000  |     789     |     795     | 7.94303E+02 |     789     | 1.14499E+00 
235| 94400  |     789     |     795     | 7.94028E+02 |     789     | 1.23359E+00 
236| 94800  |     789     |     795     | 7.93717E+02 |     789     | 1.24406E+00 
237| 95200  |     789     |     795     | 7.93285E+02 |     789     | 1.11525E+00 
238| 95600  |     789     |     794     | 7.93055E+02 |     789     | 1.09635E+00 
239| 96000  |     789     |     794     | 7.92717E+02 |     789     | 1.19904E+00 
240| 96400  |     789     |     793     | 7.92490E+02 |     789     | 1.33413E+00 
241| 96800  |     789     |     793     | 7.92315E+02 |     789     | 1.50359E+00 
242| 97200  |     789     |     793     | 7.92055E+02 |     789     | 1.69616E+00 
243| 97600  |     786     |     793     | 7.91663E+02 |     786     | 1.91013E+00 
244| 98000  |     786     |     793     | 7.91220E+02 |     786     | 2.02030E+00 
245| 98400  |     786     |     793     | 7.90497E+02 |     786     | 1.97231E+00 
246| 98800  |     786     |     793     | 7.89690E+02 |     786     | 1.58079E+00 
247| 99200  |     786     |     789     | 7.88913E+02 |     786     | 4.35711E-01 
248| 99600  |     786     |     789     | 7.88883E+02 |     786     | 4.93653E-01 
249| 100000 |     786     |     789     | 7.88860E+02 |     786     | 5.29528E-01 
250| 100400 |     786     |     789     | 7.88763E+02 |     786     | 6.89995E-01 
251| 100800 |     786     |     789     | 7.88702E+02 |     786     | 7.54317E-01 
252| 101200 |     786     |     789     | 7.88607E+02 |     786     | 8.53489E-01 
253| 101600 |     786     |     789     | 7.88438E+02 |     786     | 9.64932E-01 
254| 102000 |     786     |     789     | 7.88237E+02 |     786     | 1.05408E+00 
255| 102400 |     786     |     789     | 7.88043E+02 |     786     | 1.09576E+00 
256| 102800 |     786     |     789     | 7.87735E+02 |     786     | 1.09306E+00 
257| 103200 |     786     |     789     | 7.87367E+02 |     786     | 1.00620E+00 
258| 103600 |     786     |     789     | 7.86962E+02 |     786     | 7.04339E-01 
259| 104000 |     786     |     787     | 7.86717E+02 |     786     | 4.50215E-01 
260| 104400 |     786     |     787     | 7.86617E+02 |     786     | 4.85998E-01 
261| 104800 |     784     |     787     | 7.86465E+02 |     784     | 5.18435E-01 
262| 105200 |     784     |     787     | 7.86303E+02 |     784     | 4.80618E-01 
263| 105600 |     784     |     787     | 7.86105E+02 |     784     | 3.37602E-01 
264| 106000 |     784     |     786     | 7.85982E+02 |     784     | 1.64905E-01 
265| 106400 |     784     |     786     | 7.85982E+02 |     784     | 1.64905E-01 
266| 106800 |     784     |     786     | 7.85975E+02 |     784     | 1.98431E-01 
267| 107200 |     784     |     786     | 7.85972E+02 |     784     | 2.04313E-01 
268| 107600 |     784     |     786     | 7.85960E+02 |     784     | 2.41661E-01 
269| 108000 |     784     |     786     | 7.85940E+02 |     784     | 3.02324E-01 
270| 108400 |     784     |     786     | 7.85915E+02 |     784     | 3.57456E-01 
271| 108800 |     784     |     786     | 7.85870E+02 |     784     | 4.45084E-01 
272| 109200 |     784     |     786     | 7.85832E+02 |     784     | 5.04424E-01 
273| 109600 |     784     |     786     | 7.85773E+02 |     784     | 5.83733E-01 
274| 110000 |     784     |     786     | 7.85660E+02 |     784     | 6.85128E-01 
275| 110400 |     783     |     786     | 7.85572E+02 |     783     | 7.41447E-01 
276| 110800 |     783     |     786     | 7.85423E+02 |     783     | 8.11784E-01 
277| 111200 |     783     |     786     | 7.85235E+02 |     783     | 8.77368E-01 
278| 111600 |     783     |     786     | 7.84990E+02 |     783     | 8.94371E-01 
279| 112000 |     783     |     786     | 7.84675E+02 |     783     | 8.27270E-01 
280| 112400 |     783     |     786     | 7.84415E+02 |     783     | 6.65413E-01 
281| 112800 |     783     |     785     | 7.84185E+02 |     783     | 4.95757E-01 
282| 113200 |     783     |     785     | 7.83972E+02 |     783     | 3.69789E-01 
283| 113600 |     783     |     784     | 7.83893E+02 |     783     | 3.09748E-01 
284| 114000 |     783     |     784     | 7.83847E+02 |     783     | 3.59505E-01 
285| 114400 |     783     |     784     | 7.83803E+02 |     783     | 3.98113E-01 
286| 114800 |     783     |     784     | 7.83745E+02 |     783     | 4.35861E-01 
287| 115200 |     783     |     784     | 7.83670E+02 |     783     | 4.70213E-01 
288| 115600 |     783     |     784     | 7.83575E+02 |     783     | 4.94343E-01 
289| 116000 |     783     |     784     | 7.83452E+02 |     783     | 4.97739E-01 
290| 116400 |     783     |     784     | 7.83293E+02 |     783     | 4.54911E-01 
291| 116800 |     783     |     784     | 7.83153E+02 |     783     | 3.59505E-01 
种群信息导出完毕。
评价次数：116800
时间已过 90.1108660697937 秒
最小的救援时间为：783
最优的救援方案为：
第1辆车的救援路线：车库→受灾点11→避难所32→受灾点2→避难所32→受灾点13→避难所42→受灾点18→避难所36→救援结束
第2辆车的救援路线：车库→受灾点7→避难所42→受灾点20→避难所34→救援结束
第3辆车的救援路线：车库→受灾点19→避难所32→受灾点16→避难所38→受灾点13→避难所29→救援结束
第4辆车的救援路线：车库→受灾点13→避难所34→受灾点14→避难所35→受灾点13→避难所40→救援结束
第5辆车的救援路线：车库→受灾点5→避难所34→受灾点2→避难所32→受灾点10→避难所45→受灾点7→避难所34→受灾点14→避难所27→救援结束
第6辆车的救援路线：车库→受灾点6→避难所35→受灾点11→避难所34→受灾点1→避难所38→受灾点11→避难所34→救援结束
第7辆车的救援路线：车库→受灾点16→避难所44→救援结束
第8辆车的救援路线：车库→受灾点6→避难所34→受灾点11→避难所34→受灾点6→避难所36→受灾点11→避难所34→救援结束
第9辆车的救援路线：车库→受灾点16→避难所35→受灾点15→避难所45→救援结束
第10辆车的救援路线：车库→受灾点18→避难所32→受灾点16→避难所32→受灾点15→避难所46→救援结束
第11辆车的救援路线：车库→受灾点10→避难所45→受灾点11→避难所40→受灾点5→避难所26→受灾点6→避难所23→受灾点11→避难所26→救援结束
第12辆车的救援路线：车库→受灾点13→避难所34→受灾点16→避难所34→救援结束
第13辆车的救援路线：车库→受灾点12→避难所32→受灾点10→避难所34→受灾点5→避难所32→受灾点13→避难所38→受灾点2→避难所26→救援结束
第14辆车的救援路线：车库→受灾点5→避难所34→受灾点20→避难所45→受灾点10→避难所32→受灾点5→避难所26→受灾点10→避难所38→救援结束
第15辆车的救援路线：车库→受灾点13→避难所34→受灾点10→避难所34→救援结束
第16辆车的救援路线：车库→受灾点5→避难所34→受灾点13→避难所42→受灾点16→避难所35→救援结束
第17辆车的救援路线：车库→受灾点16→避难所32→受灾点15→避难所41→救援结束
第18辆车的救援路线：车库→受灾点13→避难所32→受灾点13→避难所34→受灾点4→避难所34→受灾点7→避难所43→救援结束
第19辆车的救援路线：车库→受灾点3→避难所35→受灾点18→避难所23→受灾点16→避难所34→救援结束
第20辆车的救援路线：车库→受灾点21→避难所42→受灾点10→避难所35→救援结束
第21辆车的救援路线：车库→受灾点5→避难所34→受灾点22→避难所34→受灾点9→避难所30→受灾点21→避难所41→救援结束
第22辆车的救援路线：车库→受灾点21→避难所34→受灾点16→避难所41→救援结束
第23辆车的救援路线：车库→受灾点16→避难所29→受灾点16→避难所41→救援结束
第24辆车的救援路线：车库→受灾点16→避难所26→受灾点18→避难所23→受灾点5→避难所34→受灾点11→避难所41→救援结束
第25辆车的救援路线：车库→受灾点1→避难所34→受灾点11→避难所34→受灾点13→避难所42→救援结束
第26辆车的救援路线：车库→受灾点11→避难所26→受灾点19→避难所37→受灾点16→避难所44→救援结束
第27辆车的救援路线：车库→受灾点16→避难所35→救援结束
第28辆车的救援路线：车库→受灾点16→避难所35→受灾点18→避难所32→救援结束
第29辆车的救援路线：车库→受灾点11→避难所37→受灾点22→避难所34→受灾点2→避难所32→受灾点8→避难所45→受灾点7→避难所34→救援结束
第30辆车的救援路线：车库→受灾点5→避难所42→救援结束
第31辆车的救援路线：车库→受灾点14→避难所41→受灾点7→避难所34→受灾点3→避难所42→救援结束
第32辆车的救援路线：车库→受灾点16→避难所35→救援结束
第33辆车的救援路线：车库→受灾点18→避难所32→受灾点13→避难所34→受灾点18→避难所34→救援结束
第34辆车的救援路线：车库→受灾点18→避难所44→救援结束
第35辆车的救援路线：车库→受灾点16→避难所35→救援结束
第36辆车的救援路线：车库→受灾点5→避难所45→受灾点16→避难所35→受灾点5→避难所34→受灾点2→避难所34→救援结束
第37辆车的救援路线：车库→受灾点13→避难所27→受灾点16→避难所45→受灾点7→避难所32→受灾点16→避难所34→救援结束
第38辆车的救援路线：车库→受灾点10→避难所31→受灾点18→避难所34→救援结束
第39辆车的救援路线：车库→受灾点18→避难所45→受灾点16→避难所42→受灾点2→避难所32→受灾点5→避难所34→救援结束
第40辆车的救援路线：车库→受灾点13→避难所44→救援结束
第41辆车的救援路线：车库→受灾点18→避难所35→受灾点20→避难所35→救援结束
第42辆车的救援路线：车库→受灾点16→避难所40→受灾点7→避难所33→受灾点16→避难所41→救援结束
第43辆车的救援路线：车库→受灾点10→避难所32→受灾点16→避难所29→救援结束
第44辆车的救援路线：车库→受灾点13→避难所34→受灾点13→避难所35→受灾点16→避难所27→救援结束
第45辆车的救援路线：车库→受灾点13→避难所27→受灾点11→避难所35→救援结束
第46辆车的救援路线：车库→受灾点20→避难所27→受灾点16→避难所26→受灾点5→避难所26→受灾点21→避难所36→救援结束
第47辆车的救援路线：车库→受灾点1→避难所35→救援结束
第48辆车的救援路线：车库→受灾点16→避难所34→受灾点6→避难所36→受灾点7→避难所32→救援结束
第49辆车的救援路线：车库→受灾点11→避难所38→受灾点17→避难所34→受灾点8→避难所45→受灾点14→避难所30→受灾点11→避难所32→救援结束
第50辆车的救援路线：车库→受灾点6→避难所35→受灾点21→避难所28→救援结束
