==================================================================================
gen|  eval  |    f_opt    |    f_max    |    f_avg    |    f_min    |    f_std    
----------------------------------------------------------------------------------
 0 |  400   |     1507    |     5669    | 2.59083E+03 |     1507    | 6.27994E+02 
 1 |  800   |     1507    |     2363    | 2.05711E+03 |     1507    | 1.97767E+02 
 2 |  1200  |     1495    |     2101    | 1.89941E+03 |     1495    | 1.36546E+02 
 3 |  1600  |     1420    |     1940    | 1.78838E+03 |     1420    | 1.08523E+02 
 4 |  2000  |     1305    |     1857    | 1.72293E+03 |     1305    | 9.48759E+01 
 5 |  2400  |     1305    |     1781    | 1.66691E+03 |     1305    | 8.41206E+01 
 6 |  2800  |     1250    |     1721    | 1.62086E+03 |     1250    | 7.89553E+01 
 7 |  3200  |     1250    |     1676    | 1.58201E+03 |     1250    | 7.59137E+01 
 8 |  3600  |     1250    |     1634    | 1.54574E+03 |     1250    | 6.75032E+01 
 9 |  4000  |     1250    |     1601    | 1.52099E+03 |     1250    | 6.25608E+01 
 10|  4400  |     1250    |     1573    | 1.49890E+03 |     1250    | 5.81499E+01 
 11|  4800  |     1250    |     1545    | 1.47576E+03 |     1250    | 5.68633E+01 
 12|  5200  |     1154    |     1518    | 1.45187E+03 |     1154    | 5.88647E+01 
 13|  5600  |     1154    |     1495    | 1.42504E+03 |     1154    | 5.67966E+01 
 14|  6000  |     1154    |     1470    | 1.40640E+03 |     1154    | 5.49698E+01 
 15|  6400  |     1154    |     1454    | 1.38512E+03 |     1154    | 5.40693E+01 
 16|  6800  |     1154    |     1424    | 1.36156E+03 |     1154    | 4.88342E+01 
 17|  7200  |     1154    |     1394    | 1.33537E+03 |     1154    | 4.55098E+01 
 18|  7600  |     1151    |     1369    | 1.31660E+03 |     1151    | 4.12358E+01 
 19|  8000  |     1146    |     1345    | 1.29614E+03 |     1146    | 3.98500E+01 
 20|  8400  |     1146    |     1326    | 1.27962E+03 |     1146    | 3.62207E+01 
 21|  8800  |     1146    |     1307    | 1.26343E+03 |     1146    | 3.30844E+01 
 22|  9200  |     1135    |     1288    | 1.24721E+03 |     1135    | 3.17325E+01 
 23|  9600  |     1127    |     1272    | 1.23559E+03 |     1127    | 3.06830E+01 
 24| 10000  |     1127    |     1261    | 1.22612E+03 |     1127    | 3.00033E+01 
 25| 10400  |     1120    |     1250    | 1.21285E+03 |     1120    | 3.17613E+01 
 26| 10800  |     1113    |     1241    | 1.20458E+03 |     1113    | 3.02258E+01 
 27| 11200  |     1065    |     1229    | 1.19314E+03 |     1065    | 3.01682E+01 
 28| 11600  |     1065    |     1217    | 1.18148E+03 |     1065    | 2.89323E+01 
 29| 12000  |     1012    |     1207    | 1.17261E+03 |     1012    | 2.85848E+01 
 30| 12400  |     1012    |     1199    | 1.16060E+03 |     1012    | 2.83489E+01 
 31| 12800  |     1012    |     1185    | 1.15062E+03 |     1012    | 2.58940E+01 
 32| 13200  |     1012    |     1172    | 1.14115E+03 |     1012    | 2.51234E+01 
 33| 13600  |     1012    |     1164    | 1.13375E+03 |     1012    | 2.41776E+01 
 34| 14000  |     1012    |     1154    | 1.12591E+03 |     1012    | 2.44449E+01 
 35| 14400  |     1012    |     1146    | 1.11690E+03 |     1012    | 2.44309E+01 
 36| 14800  |     1012    |     1136    | 1.10453E+03 |     1012    | 2.46036E+01 
 37| 15200  |     1012    |     1121    | 1.09330E+03 |     1012    | 2.25530E+01 
 38| 15600  |     1006    |     1108    | 1.08228E+03 |     1006    | 2.25569E+01 
 39| 16000  |     986     |     1099    | 1.07003E+03 |     986     | 2.17713E+01 
 40| 16400  |     986     |     1086    | 1.06037E+03 |     986     | 1.99987E+01 
 41| 16800  |     986     |     1076    | 1.05293E+03 |     986     | 1.85593E+01 
 42| 17200  |     986     |     1068    | 1.04470E+03 |     986     | 1.76709E+01 
 43| 17600  |     973     |     1058    | 1.03808E+03 |     973     | 1.65873E+01 
 44| 18000  |     973     |     1054    | 1.03213E+03 |     973     | 1.52760E+01 
 45| 18400  |     972     |     1047    | 1.02666E+03 |     972     | 1.41609E+01 
 46| 18800  |     972     |     1040    | 1.02177E+03 |     972     | 1.26877E+01 
 47| 19200  |     969     |     1032    | 1.01745E+03 |     969     | 1.22412E+01 
 48| 19600  |     953     |     1028    | 1.01258E+03 |     953     | 1.24901E+01 
 49| 20000  |     953     |     1025    | 1.00882E+03 |     953     | 1.21629E+01 
 50| 20400  |     953     |     1020    | 1.00571E+03 |     953     | 1.21100E+01 
 51| 20800  |     953     |     1016    | 1.00267E+03 |     953     | 1.18172E+01 
 52| 21200  |     953     |     1014    | 9.99783E+02 |     953     | 1.16628E+01 
 53| 21600  |     953     |     1011    | 9.96997E+02 |     953     | 1.12504E+01 
 54| 22000  |     941     |     1007    | 9.93793E+02 |     941     | 1.13754E+01 
 55| 22400  |     941     |     1005    | 9.90900E+02 |     941     | 1.12510E+01 
 56| 22800  |     941     |     1002    | 9.88350E+02 |     941     | 1.03992E+01 
 57| 23200  |     941     |     1000    | 9.86155E+02 |     941     | 9.78294E+00 
 58| 23600  |     941     |     996     | 9.83225E+02 |     941     | 9.34582E+00 
 59| 24000  |     941     |     992     | 9.80785E+02 |     941     | 9.15581E+00 
 60| 24400  |     941     |     990     | 9.78740E+02 |     941     | 9.05386E+00 
 61| 24800  |     941     |     988     | 9.76653E+02 |     941     | 8.93906E+00 
 62| 25200  |     934     |     986     | 9.74105E+02 |     934     | 9.05864E+00 
 63| 25600  |     934     |     983     | 9.72158E+02 |     934     | 8.82738E+00 
 64| 26000  |     934     |     981     | 9.70265E+02 |     934     | 8.68590E+00 
 65| 26400  |     934     |     978     | 9.68055E+02 |     934     | 8.69005E+00 
 66| 26800  |     934     |     976     | 9.66798E+02 |     934     | 8.41911E+00 
 67| 27200  |     934     |     975     | 9.65510E+02 |     934     | 8.14186E+00 
 68| 27600  |     934     |     973     | 9.63503E+02 |     934     | 8.15751E+00 
 69| 28000  |     934     |     970     | 9.61610E+02 |     934     | 8.11590E+00 
 70| 28400  |     932     |     970     | 9.60278E+02 |     932     | 8.22134E+00 
 71| 28800  |     932     |     969     | 9.58508E+02 |     932     | 8.18077E+00 
 72| 29200  |     932     |     967     | 9.57160E+02 |     932     | 7.94729E+00 
 73| 29600  |     932     |     965     | 9.55462E+02 |     932     | 7.92834E+00 
 74| 30000  |     932     |     965     | 9.54250E+02 |     932     | 7.48916E+00 
 75| 30400  |     932     |     963     | 9.53145E+02 |     932     | 6.91223E+00 
 76| 30800  |     931     |     961     | 9.51707E+02 |     931     | 6.41732E+00 
 77| 31200  |     931     |     958     | 9.50140E+02 |     931     | 6.27060E+00 
 78| 31600  |     931     |     957     | 9.49035E+02 |     931     | 6.08636E+00 
 79| 32000  |     931     |     955     | 9.48350E+02 |     931     | 6.04173E+00 
 80| 32400  |     931     |     955     | 9.47290E+02 |     931     | 5.96120E+00 
 81| 32800  |     931     |     954     | 9.46303E+02 |     931     | 5.68120E+00 
 82| 33200  |     931     |     952     | 9.45035E+02 |     931     | 5.43220E+00 
 83| 33600  |     928     |     951     | 9.43923E+02 |     928     | 5.45862E+00 
 84| 34000  |     928     |     951     | 9.42747E+02 |     928     | 5.21428E+00 
 85| 34400  |     904     |     949     | 9.41492E+02 |     904     | 5.06704E+00 
 86| 34800  |     904     |     947     | 9.40247E+02 |     904     | 4.89809E+00 
 87| 35200  |     904     |     946     | 9.39230E+02 |     904     | 4.66927E+00 
 88| 35600  |     904     |     946     | 9.38217E+02 |     904     | 4.41930E+00 
 89| 36000  |     904     |     943     | 9.37242E+02 |     904     | 4.26013E+00 
 90| 36400  |     904     |     941     | 9.36280E+02 |     904     | 4.38652E+00 
 91| 36800  |     904     |     941     | 9.35540E+02 |     904     | 4.40209E+00 
 92| 37200  |     904     |     940     | 9.34477E+02 |     904     | 4.29296E+00 
 93| 37600  |     904     |     939     | 9.33592E+02 |     904     | 4.03936E+00 
 94| 38000  |     904     |     936     | 9.32955E+02 |     904     | 3.79578E+00 
 95| 38400  |     904     |     935     | 9.32110E+02 |     904     | 4.05991E+00 
 96| 38800  |     904     |     934     | 9.31340E+02 |     904     | 4.57705E+00 
 97| 39200  |     904     |     934     | 9.30470E+02 |     904     | 5.10236E+00 
 98| 39600  |     904     |     934     | 9.29590E+02 |     904     | 5.34387E+00 
 99| 40000  |     904     |     934     | 9.28327E+02 |     904     | 5.70178E+00 
100| 40400  |     904     |     932     | 9.27395E+02 |     904     | 5.92866E+00 
101| 40800  |     904     |     932     | 9.25960E+02 |     904     | 6.33707E+00 
102| 41200  |     904     |     931     | 9.24225E+02 |     904     | 6.48571E+00 
103| 41600  |     904     |     931     | 9.22375E+02 |     904     | 6.35802E+00 
104| 42000  |     904     |     929     | 9.19997E+02 |     904     | 5.43530E+00 
105| 42400  |     900     |     925     | 9.17880E+02 |     900     | 4.45035E+00 
106| 42800  |     900     |     921     | 9.16558E+02 |     900     | 4.15953E+00 
107| 43200  |     900     |     921     | 9.14955E+02 |     900     | 3.77994E+00 
108| 43600  |     894     |     921     | 9.13428E+02 |     894     | 2.92399E+00 
109| 44000  |     894     |     915     | 9.12580E+02 |     894     | 2.48467E+00 
110| 44400  |     894     |     913     | 9.12160E+02 |     894     | 2.52278E+00 
111| 44800  |     894     |     913     | 9.11915E+02 |     894     | 2.86754E+00 
112| 45200  |     894     |     913     | 9.11565E+02 |     894     | 3.12182E+00 
113| 45600  |     894     |     913     | 9.11153E+02 |     894     | 3.43136E+00 
114| 46000  |     894     |     913     | 9.10430E+02 |     894     | 3.79277E+00 
115| 46400  |     894     |     913     | 9.09780E+02 |     894     | 3.96946E+00 
116| 46800  |     890     |     913     | 9.08947E+02 |     890     | 4.26377E+00 
117| 47200  |     890     |     913     | 9.08080E+02 |     890     | 4.19864E+00 
118| 47600  |     890     |     913     | 9.06763E+02 |     890     | 4.03622E+00 
119| 48000  |     888     |     910     | 9.05400E+02 |     888     | 3.78616E+00 
120| 48400  |     888     |     908     | 9.04462E+02 |     888     | 4.11079E+00 
121| 48800  |     888     |     907     | 9.03857E+02 |     888     | 4.31882E+00 
122| 49200  |     888     |     907     | 9.02955E+02 |     888     | 4.53519E+00 
123| 49600  |     886     |     907     | 9.01645E+02 |     886     | 4.58574E+00 
124| 50000  |     886     |     907     | 9.00482E+02 |     886     | 4.41981E+00 
125| 50400  |     886     |     906     | 8.99340E+02 |     886     | 3.89736E+00 
126| 50800  |     886     |     904     | 8.98345E+02 |     886     | 3.44107E+00 
127| 51200  |     885     |     902     | 8.96955E+02 |     885     | 2.61973E+00 
128| 51600  |     876     |     900     | 8.96322E+02 |     876     | 2.71910E+00 
129| 52000  |     876     |     898     | 8.95737E+02 |     876     | 2.92380E+00 
130| 52400  |     876     |     898     | 8.95247E+02 |     876     | 2.99437E+00 
131| 52800  |     876     |     898     | 8.94710E+02 |     876     | 3.04646E+00 
132| 53200  |     875     |     898     | 8.94033E+02 |     875     | 3.18064E+00 
133| 53600  |     875     |     896     | 8.93235E+02 |     875     | 3.16777E+00 
134| 54000  |     875     |     895     | 8.92612E+02 |     875     | 3.39887E+00 
135| 54400  |     875     |     895     | 8.92045E+02 |     875     | 3.62118E+00 
136| 54800  |     875     |     895     | 8.91400E+02 |     875     | 3.78418E+00 
137| 55200  |     872     |     894     | 8.90475E+02 |     872     | 3.87613E+00 
138| 55600  |     872     |     894     | 8.89550E+02 |     872     | 3.96264E+00 
139| 56000  |     872     |     894     | 8.88860E+02 |     872     | 3.85103E+00 
140| 56400  |     872     |     894     | 8.87832E+02 |     872     | 3.33458E+00 
141| 56800  |     872     |     891     | 8.86825E+02 |     872     | 2.77297E+00 
142| 57200  |     872     |     888     | 8.86200E+02 |     872     | 2.80000E+00 
143| 57600  |     872     |     888     | 8.85655E+02 |     872     | 3.02258E+00 
144| 58000  |     872     |     888     | 8.84945E+02 |     872     | 3.13161E+00 
145| 58400  |     872     |     888     | 8.84293E+02 |     872     | 3.19405E+00 
146| 58800  |     872     |     886     | 8.83628E+02 |     872     | 3.33298E+00 
147| 59200  |     872     |     886     | 8.83237E+02 |     872     | 3.41483E+00 
148| 59600  |     872     |     886     | 8.82763E+02 |     872     | 3.53569E+00 
149| 60000  |     872     |     885     | 8.82175E+02 |     872     | 3.70262E+00 
150| 60400  |     872     |     885     | 8.81773E+02 |     872     | 3.74977E+00 
151| 60800  |     872     |     885     | 8.81077E+02 |     872     | 3.83490E+00 
152| 61200  |     872     |     885     | 8.80117E+02 |     872     | 3.74883E+00 
153| 61600  |     872     |     885     | 8.79258E+02 |     872     | 3.42508E+00 
154| 62000  |     872     |     882     | 8.78250E+02 |     872     | 3.11809E+00 
155| 62400  |     872     |     882     | 8.77510E+02 |     872     | 2.90945E+00 
156| 62800  |     872     |     882     | 8.76648E+02 |     872     | 2.37660E+00 
157| 63200  |     872     |     879     | 8.75857E+02 |     872     | 1.67845E+00 
158| 63600  |     872     |     878     | 8.75278E+02 |     872     | 1.38582E+00 
159| 64000  |     872     |     876     | 8.74990E+02 |     872     | 1.31145E+00 
160| 64400  |     872     |     876     | 8.74745E+02 |     872     | 1.37112E+00 
161| 64800  |     872     |     876     | 8.74477E+02 |     872     | 1.38003E+00 
162| 65200  |     871     |     876     | 8.74122E+02 |     871     | 1.36290E+00 
163| 65600  |     871     |     876     | 8.73705E+02 |     871     | 1.21366E+00 
164| 66000  |     871     |     875     | 8.73462E+02 |     871     | 1.11067E+00 
165| 66400  |     871     |     875     | 8.73175E+02 |     871     | 1.01704E+00 
166| 66800  |     871     |     874     | 8.72980E+02 |     871     | 9.99800E-01 
167| 67200  |     871     |     874     | 8.72737E+02 |     871     | 9.66227E-01 
168| 67600  |     871     |     874     | 8.72450E+02 |     871     | 8.35165E-01 
169| 68000  |     871     |     874     | 8.72115E+02 |     871     | 4.76209E-01 
170| 68400  |     870     |     872     | 8.71977E+02 |     870     | 1.64298E-01 
171| 68800  |     870     |     872     | 8.71977E+02 |     870     | 1.64298E-01 
172| 69200  |     870     |     872     | 8.71970E+02 |     870     | 1.97737E-01 
173| 69600  |     870     |     872     | 8.71965E+02 |     870     | 2.20851E-01 
174| 70000  |     870     |     872     | 8.71950E+02 |     870     | 2.69258E-01 
175| 70400  |     870     |     872     | 8.71950E+02 |     870     | 2.69258E-01 
176| 70800  |     870     |     872     | 8.71938E+02 |     870     | 2.97647E-01 
177| 71200  |     870     |     872     | 8.71923E+02 |     870     | 3.33907E-01 
178| 71600  |     870     |     872     | 8.71900E+02 |     870     | 3.80789E-01 
179| 72000  |     870     |     872     | 8.71852E+02 |     870     | 4.59068E-01 
180| 72400  |     869     |     872     | 8.71810E+02 |     869     | 5.18556E-01 
181| 72800  |     869     |     872     | 8.71747E+02 |     869     | 5.90545E-01 
182| 73200  |     869     |     872     | 8.71663E+02 |     869     | 6.77196E-01 
183| 73600  |     869     |     872     | 8.71533E+02 |     869     | 7.73915E-01 
184| 74000  |     869     |     872     | 8.71413E+02 |     869     | 8.29062E-01 
185| 74400  |     869     |     872     | 8.71258E+02 |     869     | 8.72464E-01 
186| 74800  |     869     |     872     | 8.71058E+02 |     869     | 8.91175E-01 
187| 75200  |     869     |     872     | 8.70837E+02 |     869     | 8.63767E-01 
188| 75600  |     869     |     872     | 8.70540E+02 |     869     | 7.33757E-01 
189| 76000  |     869     |     871     | 8.70293E+02 |     869     | 5.30984E-01 
190| 76400  |     869     |     871     | 8.70143E+02 |     869     | 4.60645E-01 
191| 76800  |     869     |     871     | 8.69960E+02 |     869     | 2.80000E-01 
192| 77200  |     869     |     870     | 8.69928E+02 |     869     | 2.59314E-01 
193| 77600  |     869     |     870     | 8.69895E+02 |     869     | 3.06553E-01 
194| 78000  |     862     |     870     | 8.69857E+02 |     862     | 5.12049E-01 
195| 78400  |     862     |     870     | 8.69803E+02 |     862     | 5.46346E-01 
196| 78800  |     862     |     870     | 8.69758E+02 |     862     | 5.68941E-01 
197| 79200  |     862     |     870     | 8.69705E+02 |     862     | 6.38729E-01 
198| 79600  |     862     |     870     | 8.69600E+02 |     862     | 7.28011E-01 
199| 80000  |     862     |     870     | 8.69495E+02 |     862     | 8.33652E-01 
200| 80400  |     862     |     870     | 8.69347E+02 |     862     | 1.01328E+00 
201| 80800  |     862     |     870     | 8.69215E+02 |     862     | 1.00686E+00 
202| 81200  |     862     |     870     | 8.69070E+02 |     862     | 9.53992E-01 
203| 81600  |     862     |     870     | 8.68835E+02 |     862     | 1.16952E+00 
204| 82000  |     862     |     869     | 8.68700E+02 |     862     | 1.28452E+00 
205| 82400  |     862     |     869     | 8.68633E+02 |     862     | 1.41684E+00 
206| 82800  |     862     |     869     | 8.68528E+02 |     862     | 1.55539E+00 
207| 83200  |     862     |     869     | 8.68357E+02 |     862     | 1.83431E+00 
208| 83600  |     862     |     869     | 8.68155E+02 |     862     | 2.02509E+00 
209| 84000  |     862     |     869     | 8.67923E+02 |     862     | 2.22856E+00 
210| 84400  |     862     |     869     | 8.67575E+02 |     862     | 2.46665E+00 
211| 84800  |     862     |     869     | 8.67163E+02 |     862     | 2.64407E+00 
212| 85200  |     862     |     869     | 8.66600E+02 |     862     | 2.82312E+00 
213| 85600  |     862     |     869     | 8.65925E+02 |     862     | 2.89126E+00 
214| 86000  |     862     |     869     | 8.64822E+02 |     862     | 2.68347E+00 
215| 86400  |     862     |     868     | 8.63872E+02 |     862     | 2.09314E+00 
216| 86800  |     853     |     866     | 8.62900E+02 |     853     | 1.60156E+00 
217| 87200  |     853     |     864     | 8.62110E+02 |     853     | 6.61740E-01 
218| 87600  |     853     |     862     | 8.61977E+02 |     853     | 4.49437E-01 
219| 88000  |     853     |     862     | 8.61977E+02 |     853     | 4.49437E-01 
220| 88400  |     853     |     862     | 8.61977E+02 |     853     | 4.49437E-01 
221| 88800  |     853     |     862     | 8.61955E+02 |     853     | 6.34803E-01 
222| 89200  |     853     |     862     | 8.61955E+02 |     853     | 6.34803E-01 
223| 89600  |     853     |     862     | 8.61955E+02 |     853     | 6.34803E-01 
224| 90000  |     853     |     862     | 8.61955E+02 |     853     | 6.34803E-01 
225| 90400  |     853     |     862     | 8.61955E+02 |     853     | 6.34803E-01 
226| 90800  |     853     |     862     | 8.61955E+02 |     853     | 6.34803E-01 
227| 91200  |     853     |     862     | 8.61933E+02 |     853     | 7.76495E-01 
228| 91600  |     853     |     862     | 8.61908E+02 |     853     | 8.96629E-01 
229| 92000  |     853     |     862     | 8.61885E+02 |     853     | 1.00089E+00 
230| 92400  |     853     |     862     | 8.61790E+02 |     853     | 1.33638E+00 
231| 92800  |     853     |     862     | 8.61680E+02 |     853     | 1.62253E+00 
232| 93200  |     853     |     862     | 8.61572E+02 |     853     | 1.84655E+00 
233| 93600  |     853     |     862     | 8.61480E+02 |     853     | 2.00365E+00 
234| 94000  |     853     |     862     | 8.61280E+02 |     853     | 2.33808E+00 
235| 94400  |     853     |     862     | 8.60965E+02 |     853     | 2.68771E+00 
236| 94800  |     853     |     862     | 8.60725E+02 |     853     | 2.89730E+00 
237| 95200  |     853     |     862     | 8.60293E+02 |     853     | 3.24067E+00 
238| 95600  |     853     |     862     | 8.59783E+02 |     853     | 3.52423E+00 
239| 96000  |     853     |     862     | 8.59018E+02 |     853     | 3.83174E+00 
240| 96400  |     853     |     862     | 8.58232E+02 |     853     | 3.96213E+00 
241| 96800  |     853     |     862     | 8.57018E+02 |     853     | 3.84216E+00 
242| 97200  |     853     |     862     | 8.55630E+02 |     853     | 3.23158E+00 
243| 97600  |     853     |     858     | 8.54125E+02 |     853     | 1.75054E+00 
244| 98000  |     853     |     856     | 8.53395E+02 |     853     | 9.74153E-01 
245| 98400  |     853     |     853     | 8.53000E+02 |     853     | 0.00000E+00 
246| 98800  |     853     |     853     | 8.53000E+02 |     853     | 0.00000E+00 
247| 99200  |     853     |     853     | 8.53000E+02 |     853     | 0.00000E+00 
248| 99600  |     849     |     853     | 8.52990E+02 |     849     | 1.99750E-01 
249| 100000 |     849     |     853     | 8.52980E+02 |     849     | 2.82135E-01 
250| 100400 |     844     |     853     | 8.52957E+02 |     844     | 5.29805E-01 
251| 100800 |     844     |     853     | 8.52935E+02 |     844     | 6.93379E-01 
252| 101200 |     844     |     853     | 8.52895E+02 |     844     | 7.96225E-01 
253| 101600 |     844     |     853     | 8.52875E+02 |     844     | 8.42244E-01 
254| 102000 |     844     |     853     | 8.52865E+02 |     844     | 8.64161E-01 
255| 102400 |     844     |     853     | 8.52780E+02 |     844     | 1.13208E+00 
256| 102800 |     844     |     853     | 8.52673E+02 |     844     | 1.32486E+00 
257| 103200 |     844     |     853     | 8.52572E+02 |     844     | 1.47809E+00 
258| 103600 |     844     |     853     | 8.52365E+02 |     844     | 1.76968E+00 
259| 104000 |     844     |     853     | 8.52175E+02 |     844     | 1.98605E+00 
260| 104400 |     844     |     853     | 8.51788E+02 |     844     | 2.33930E+00 
261| 104800 |     844     |     853     | 8.51268E+02 |     844     | 2.60786E+00 
262| 105200 |     841     |     853     | 8.50572E+02 |     841     | 2.87745E+00 
263| 105600 |     841     |     853     | 8.49600E+02 |     841     | 3.02738E+00 
264| 106000 |     837     |     853     | 8.48388E+02 |     837     | 2.84910E+00 
265| 106400 |     837     |     849     | 8.47255E+02 |     837     | 2.44846E+00 
266| 106800 |     837     |     849     | 8.46457E+02 |     837     | 2.65484E+00 
267| 107200 |     837     |     849     | 8.45298E+02 |     837     | 2.43187E+00 
268| 107600 |     837     |     848     | 8.43930E+02 |     837     | 1.07708E+00 
269| 108000 |     837     |     844     | 8.43697E+02 |     837     | 9.46569E-01 
270| 108400 |     837     |     844     | 8.43487E+02 |     837     | 1.21854E+00 
271| 108800 |     837     |     844     | 8.43332E+02 |     837     | 1.31603E+00 
272| 109200 |     837     |     844     | 8.43070E+02 |     837     | 1.53789E+00 
273| 109600 |     837     |     844     | 8.42695E+02 |     837     | 1.70205E+00 
274| 110000 |     837     |     844     | 8.42258E+02 |     837     | 1.70329E+00 
275| 110400 |     837     |     844     | 8.41820E+02 |     837     | 1.62868E+00 
276| 110800 |     837     |     844     | 8.41122E+02 |     837     | 1.17579E+00 
277| 111200 |     837     |     841     | 8.40745E+02 |     837     | 9.21941E-01 
278| 111600 |     837     |     841     | 8.40660E+02 |     837     | 1.05090E+00 
279| 112000 |     837     |     841     | 8.40510E+02 |     837     | 1.22878E+00 
280| 112400 |     837     |     841     | 8.40305E+02 |     837     | 1.41314E+00 
281| 112800 |     837     |     841     | 8.40080E+02 |     837     | 1.55840E+00 
282| 113200 |     837     |     841     | 8.39735E+02 |     837     | 1.70287E+00 
283| 113600 |     837     |     841     | 8.39150E+02 |     837     | 1.79792E+00 
284| 114000 |     836     |     841     | 8.38380E+02 |     836     | 1.65094E+00 
285| 114400 |     836     |     840     | 8.37553E+02 |     836     | 1.04749E+00 
286| 114800 |     836     |     837     | 8.36997E+02 |     836     | 4.99375E-02 
287| 115200 |     836     |     837     | 8.36997E+02 |     836     | 4.99375E-02 
288| 115600 |     836     |     837     | 8.36997E+02 |     836     | 4.99375E-02 
289| 116000 |     836     |     837     | 8.36990E+02 |     836     | 9.94987E-02 
290| 116400 |     836     |     837     | 8.36985E+02 |     836     | 1.21552E-01 
291| 116800 |     836     |     837     | 8.36975E+02 |     836     | 1.56125E-01 
292| 117200 |     836     |     837     | 8.36950E+02 |     836     | 2.17945E-01 
293| 117600 |     836     |     837     | 8.36928E+02 |     836     | 2.59314E-01 
294| 118000 |     836     |     837     | 8.36900E+02 |     836     | 3.00000E-01 
种群信息导出完毕。
评价次数：118000
时间已过 103.42336010932922 秒
最小的救援时间为：836
最优的救援方案为：
第1辆车的救援路线：车库→受灾点7→避难所45→救援结束
第2辆车的救援路线：车库→受灾点13→避难所34→受灾点21→避难所35→受灾点13→避难所45→救援结束
第3辆车的救援路线：车库→受灾点16→避难所29→受灾点13→避难所38→救援结束
第4辆车的救援路线：车库→受灾点17→避难所35→救援结束
第5辆车的救援路线：车库→受灾点16→避难所34→受灾点11→避难所41→受灾点13→避难所26→受灾点11→避难所23→救援结束
第6辆车的救援路线：车库→受灾点7→避难所42→救援结束
第7辆车的救援路线：车库→受灾点13→避难所34→受灾点13→避难所34→受灾点16→避难所34→受灾点18→避难所34→救援结束
第8辆车的救援路线：车库→受灾点16→避难所34→受灾点13→避难所45→受灾点16→避难所34→受灾点6→避难所32→救援结束
第9辆车的救援路线：车库→受灾点18→避难所34→受灾点6→避难所41→受灾点10→避难所45→受灾点10→避难所28→救援结束
第10辆车的救援路线：车库→受灾点16→避难所32→受灾点16→避难所34→受灾点3→避难所32→救援结束
第11辆车的救援路线：车库→受灾点5→避难所34→受灾点16→避难所34→受灾点6→避难所45→受灾点11→避难所42→救援结束
第12辆车的救援路线：车库→受灾点2→避难所40→受灾点16→避难所42→救援结束
第13辆车的救援路线：车库→受灾点10→避难所34→受灾点2→避难所38→受灾点2→避难所26→受灾点5→避难所26→受灾点1→避难所38→受灾点5→避难所34→受灾点2→避难所32→救援结束
第14辆车的救援路线：车库→受灾点13→避难所41→受灾点11→避难所34→受灾点5→避难所37→受灾点7→避难所30→受灾点5→避难所40→救援结束
第15辆车的救援路线：车库→受灾点15→避难所24→受灾点18→避难所34→救援结束
第16辆车的救援路线：车库→受灾点7→避难所34→受灾点1→避难所46→受灾点14→避难所38→受灾点2→避难所32→受灾点1→避难所34→救援结束
第17辆车的救援路线：车库→受灾点16→避难所45→受灾点20→避难所30→受灾点13→避难所34→受灾点16→避难所34→救援结束
第18辆车的救援路线：车库→受灾点16→避难所34→受灾点11→避难所34→救援结束
第19辆车的救援路线：车库→受灾点8→避难所32→受灾点11→避难所34→受灾点5→避难所41→受灾点5→避难所35→救援结束
第20辆车的救援路线：车库→受灾点2→避难所42→受灾点22→避难所42→救援结束
第21辆车的救援路线：车库→受灾点7→避难所34→受灾点21→避难所31→救援结束
第22辆车的救援路线：车库→受灾点6→避难所34→受灾点7→避难所37→受灾点13→避难所30→受灾点5→避难所34→受灾点11→避难所34→救援结束
第23辆车的救援路线：车库→受灾点16→避难所45→受灾点22→避难所42→救援结束
第24辆车的救援路线：车库→受灾点16→避难所34→受灾点13→避难所35→受灾点11→避难所24→救援结束
第25辆车的救援路线：车库→受灾点11→避难所42→救援结束
第26辆车的救援路线：车库→受灾点10→避难所35→受灾点11→避难所34→救援结束
第27辆车的救援路线：车库→受灾点15→避难所34→受灾点20→避难所32→救援结束
第28辆车的救援路线：车库→受灾点19→避难所42→救援结束
第29辆车的救援路线：车库→受灾点13→避难所38→受灾点10→避难所45→受灾点18→避难所34→受灾点16→避难所34→救援结束
第30辆车的救援路线：车库→受灾点16→避难所34→救援结束
第31辆车的救援路线：车库→受灾点5→避难所32→受灾点3→避难所25→救援结束
第32辆车的救援路线：车库→受灾点18→避难所35→受灾点18→避难所34→救援结束
第33辆车的救援路线：车库→受灾点10→避难所32→受灾点21→避难所32→受灾点16→避难所42→救援结束
第34辆车的救援路线：车库→受灾点16→避难所32→受灾点16→避难所34→救援结束
第35辆车的救援路线：车库→受灾点13→避难所33→救援结束
第36辆车的救援路线：车库→受灾点20→避难所41→救援结束
第37辆车的救援路线：车库→受灾点16→避难所34→受灾点18→避难所34→受灾点11→避难所34→受灾点8→避难所34→救援结束
第38辆车的救援路线：车库→受灾点21→避难所42→受灾点16→避难所40→受灾点11→避难所35→救援结束
第39辆车的救援路线：车库→受灾点11→避难所24→受灾点9→避难所30→救援结束
第40辆车的救援路线：车库→受灾点16→避难所42→受灾点13→避难所32→受灾点18→避难所34→救援结束
第41辆车的救援路线：车库→受灾点12→避难所32→受灾点6→避难所34→救援结束
第42辆车的救援路线：车库→受灾点7→避难所34→受灾点5→避难所26→受灾点18→避难所41→受灾点5→避难所34→救援结束
第43辆车的救援路线：车库→受灾点19→避难所40→受灾点10→避难所29→救援结束
第44辆车的救援路线：车库→受灾点10→避难所42→受灾点13→避难所45→受灾点21→避难所34→救援结束
第45辆车的救援路线：车库→受灾点11→避难所32→受灾点13→避难所30→受灾点15→避难所42→受灾点14→避难所44→救援结束
第46辆车的救援路线：车库→受灾点16→避难所27→受灾点4→避难所32→受灾点10→避难所34→受灾点16→避难所42→救援结束
第47辆车的救援路线：车库→受灾点6→避难所34→受灾点13→避难所34→受灾点16→避难所34→受灾点18→避难所32→救援结束
第48辆车的救援路线：车库→受灾点5→避难所27→受灾点16→避难所34→受灾点5→避难所42→受灾点14→避难所34→救援结束
第49辆车的救援路线：车库→受灾点20→避难所42→受灾点14→避难所34→受灾点7→避难所34→救援结束
第50辆车的救援路线：车库→受灾点16→避难所34→受灾点18→避难所34→救援结束
