==================================================================================
gen|  eval  |    f_opt    |    f_max    |    f_avg    |    f_min    |    f_std    
----------------------------------------------------------------------------------
 0 |  400   |     1384    |     5843    | 2.51291E+03 |     1384    | 5.60415E+02 
 1 |  800   |     1384    |     2335    | 2.04191E+03 |     1384    | 1.93018E+02 
 2 |  1200  |     1336    |     2080    | 1.88580E+03 |     1336    | 1.47828E+02 
 3 |  1600  |     1327    |     1948    | 1.78684E+03 |     1327    | 1.29075E+02 
 4 |  2000  |     1327    |     1856    | 1.70835E+03 |     1327    | 1.13846E+02 
 5 |  2400  |     1285    |     1766    | 1.63551E+03 |     1285    | 1.06070E+02 
 6 |  2800  |     1285    |     1704    | 1.57910E+03 |     1285    | 9.75921E+01 
 7 |  3200  |     1245    |     1642    | 1.52623E+03 |     1245    | 8.80050E+01 
 8 |  3600  |     1236    |     1587    | 1.48303E+03 |     1236    | 7.76274E+01 
 9 |  4000  |     1200    |     1539    | 1.43994E+03 |     1200    | 6.97412E+01 
 10|  4400  |     1200    |     1493    | 1.40746E+03 |     1200    | 5.85448E+01 
 11|  4800  |     1200    |     1452    | 1.37865E+03 |     1200    | 5.48105E+01 
 12|  5200  |     1174    |     1427    | 1.35766E+03 |     1174    | 5.01642E+01 
 13|  5600  |     1174    |     1400    | 1.34187E+03 |     1174    | 4.26253E+01 
 14|  6000  |     1174    |     1380    | 1.32636E+03 |     1174    | 3.92753E+01 
 15|  6400  |     1174    |     1365    | 1.31586E+03 |     1174    | 3.78300E+01 
 16|  6800  |     1174    |     1350    | 1.30442E+03 |     1174    | 3.62954E+01 
 17|  7200  |     1147    |     1336    | 1.29193E+03 |     1147    | 3.38357E+01 
 18|  7600  |     1147    |     1323    | 1.28097E+03 |     1147    | 3.16781E+01 
 19|  8000  |     1096    |     1308    | 1.26776E+03 |     1096    | 3.13777E+01 
 20|  8400  |     1096    |     1294    | 1.25815E+03 |     1096    | 3.02317E+01 
 21|  8800  |     1096    |     1284    | 1.24781E+03 |     1096    | 2.88878E+01 
 22|  9200  |     1096    |     1273    | 1.23728E+03 |     1096    | 2.85422E+01 
 23|  9600  |     1096    |     1264    | 1.22653E+03 |     1096    | 2.86688E+01 
 24| 10000  |     1096    |     1253    | 1.21779E+03 |     1096    | 2.86726E+01 
 25| 10400  |     1091    |     1243    | 1.20929E+03 |     1091    | 2.79392E+01 
 26| 10800  |     1091    |     1232    | 1.20011E+03 |     1091    | 2.66835E+01 
 27| 11200  |     1091    |     1226    | 1.19222E+03 |     1091    | 2.69927E+01 
 28| 11600  |     1091    |     1218    | 1.18588E+03 |     1091    | 2.56212E+01 
 29| 12000  |     1091    |     1210    | 1.17962E+03 |     1091    | 2.42818E+01 
 30| 12400  |     1091    |     1200    | 1.17240E+03 |     1091    | 2.26327E+01 
 31| 12800  |     1040    |     1196    | 1.16705E+03 |     1040    | 2.27904E+01 
 32| 13200  |     1040    |     1187    | 1.16009E+03 |     1040    | 2.27800E+01 
 33| 13600  |     1040    |     1179    | 1.15103E+03 |     1040    | 2.21190E+01 
 34| 14000  |     1040    |     1173    | 1.14534E+03 |     1040    | 2.14336E+01 
 35| 14400  |     1040    |     1167    | 1.13996E+03 |     1040    | 2.20284E+01 
 36| 14800  |     1039    |     1161    | 1.13407E+03 |     1039    | 2.28152E+01 
 37| 15200  |     1039    |     1154    | 1.12768E+03 |     1039    | 2.24702E+01 
 38| 15600  |     1014    |     1147    | 1.12081E+03 |     1014    | 2.30435E+01 
 39| 16000  |     1014    |     1143    | 1.11431E+03 |     1014    | 2.22039E+01 
 40| 16400  |     1014    |     1133    | 1.10611E+03 |     1014    | 2.13618E+01 
 41| 16800  |     1014    |     1125    | 1.09886E+03 |     1014    | 2.03024E+01 
 42| 17200  |     1014    |     1118    | 1.09486E+03 |     1014    | 1.98088E+01 
 43| 17600  |     1003    |     1112    | 1.08800E+03 |     1003    | 1.89213E+01 
 44| 18000  |     1000    |     1104    | 1.08171E+03 |     1000    | 1.91268E+01 
 45| 18400  |     1000    |     1097    | 1.07596E+03 |     1000    | 1.95384E+01 
 46| 18800  |     985     |     1095    | 1.07005E+03 |     985     | 1.96386E+01 
 47| 19200  |     985     |     1089    | 1.06500E+03 |     985     | 1.86380E+01 
 48| 19600  |     982     |     1082    | 1.05950E+03 |     982     | 1.90108E+01 
 49| 20000  |     982     |     1077    | 1.05495E+03 |     982     | 1.83655E+01 
 50| 20400  |     982     |     1073    | 1.05164E+03 |     982     | 1.77941E+01 
 51| 20800  |     982     |     1069    | 1.04669E+03 |     982     | 1.71006E+01 
 52| 21200  |     980     |     1063    | 1.04170E+03 |     980     | 1.62028E+01 
 53| 21600  |     980     |     1057    | 1.03802E+03 |     980     | 1.51685E+01 
 54| 22000  |     980     |     1053    | 1.03434E+03 |     980     | 1.46988E+01 
 55| 22400  |     954     |     1047    | 1.02925E+03 |     954     | 1.51163E+01 
 56| 22800  |     954     |     1045    | 1.02631E+03 |     954     | 1.51099E+01 
 57| 23200  |     916     |     1039    | 1.02063E+03 |     916     | 1.62289E+01 
 58| 23600  |     916     |     1035    | 1.01621E+03 |     916     | 1.57953E+01 
 59| 24000  |     916     |     1030    | 1.01117E+03 |     916     | 1.50704E+01 
 60| 24400  |     916     |     1022    | 1.00662E+03 |     916     | 1.46235E+01 
 61| 24800  |     916     |     1018    | 1.00217E+03 |     916     | 1.49174E+01 
 62| 25200  |     916     |     1014    | 9.98045E+02 |     916     | 1.58582E+01 
 63| 25600  |     916     |     1013    | 9.93077E+02 |     916     | 1.55588E+01 
 64| 26000  |     916     |     1008    | 9.88455E+02 |     916     | 1.45531E+01 
 65| 26400  |     916     |     1001    | 9.83628E+02 |     916     | 1.38994E+01 
 66| 26800  |     911     |     997     | 9.79423E+02 |     911     | 1.39721E+01 
 67| 27200  |     911     |     990     | 9.75740E+02 |     911     | 1.30546E+01 
 68| 27600  |     911     |     985     | 9.71933E+02 |     911     | 1.31887E+01 
 69| 28000  |     911     |     984     | 9.69495E+02 |     911     | 1.30939E+01 
 70| 28400  |     911     |     980     | 9.65860E+02 |     911     | 1.35827E+01 
 71| 28800  |     911     |     978     | 9.63150E+02 |     911     | 1.31098E+01 
 72| 29200  |     911     |     975     | 9.59577E+02 |     911     | 1.27610E+01 
 73| 29600  |     911     |     972     | 9.55987E+02 |     911     | 1.21851E+01 
 74| 30000  |     911     |     969     | 9.53260E+02 |     911     | 1.17770E+01 
 75| 30400  |     911     |     966     | 9.50067E+02 |     911     | 1.10085E+01 
 76| 30800  |     911     |     961     | 9.46475E+02 |     911     | 1.01730E+01 
 77| 31200  |     911     |     957     | 9.43900E+02 |     911     | 9.41063E+00 
 78| 31600  |     911     |     954     | 9.41720E+02 |     911     | 8.69406E+00 
 79| 32000  |     911     |     950     | 9.39370E+02 |     911     | 7.92736E+00 
 80| 32400  |     911     |     949     | 9.37987E+02 |     911     | 7.41770E+00 
 81| 32800  |     901     |     946     | 9.35940E+02 |     901     | 6.97434E+00 
 82| 33200  |     901     |     944     | 9.34898E+02 |     901     | 6.48899E+00 
 83| 33600  |     901     |     941     | 9.33370E+02 |     901     | 6.37284E+00 
 84| 34000  |     901     |     939     | 9.32362E+02 |     901     | 6.29135E+00 
 85| 34400  |     901     |     937     | 9.31053E+02 |     901     | 6.80108E+00 
 86| 34800  |     901     |     936     | 9.30145E+02 |     901     | 7.11330E+00 
 87| 35200  |     894     |     935     | 9.29062E+02 |     894     | 7.61732E+00 
 88| 35600  |     894     |     935     | 9.27442E+02 |     894     | 8.58206E+00 
 89| 36000  |     878     |     934     | 9.26077E+02 |     878     | 9.07780E+00 
 90| 36400  |     878     |     934     | 9.24640E+02 |     878     | 9.19730E+00 
 91| 36800  |     878     |     934     | 9.23470E+02 |     878     | 8.98549E+00 
 92| 37200  |     878     |     933     | 9.21558E+02 |     878     | 8.68975E+00 
 93| 37600  |     878     |     931     | 9.19587E+02 |     878     | 8.84999E+00 
 94| 38000  |     878     |     930     | 9.18077E+02 |     878     | 8.74251E+00 
 95| 38400  |     878     |     926     | 9.16293E+02 |     878     | 8.33588E+00 
 96| 38800  |     878     |     924     | 9.14538E+02 |     878     | 8.10948E+00 
 97| 39200  |     875     |     923     | 9.12575E+02 |     875     | 7.74141E+00 
 98| 39600  |     875     |     921     | 9.11183E+02 |     875     | 7.59271E+00 
 99| 40000  |     875     |     919     | 9.09695E+02 |     875     | 7.70370E+00 
100| 40400  |     875     |     916     | 9.07938E+02 |     875     | 7.58773E+00 
101| 40800  |     875     |     914     | 9.06683E+02 |     875     | 7.71373E+00 
102| 41200  |     875     |     913     | 9.05345E+02 |     875     | 7.91050E+00 
103| 41600  |     875     |     913     | 9.03773E+02 |     875     | 7.92406E+00 
104| 42000  |     875     |     912     | 9.02340E+02 |     875     | 8.04763E+00 
105| 42400  |     875     |     911     | 9.00648E+02 |     875     | 7.96952E+00 
106| 42800  |     875     |     910     | 8.99190E+02 |     875     | 7.41478E+00 
107| 43200  |     875     |     908     | 8.97753E+02 |     875     | 6.86813E+00 
108| 43600  |     875     |     906     | 8.96378E+02 |     875     | 6.31744E+00 
109| 44000  |     875     |     903     | 8.94640E+02 |     875     | 5.68246E+00 
110| 44400  |     875     |     901     | 8.93200E+02 |     875     | 5.14101E+00 
111| 44800  |     873     |     896     | 8.91763E+02 |     873     | 4.60012E+00 
112| 45200  |     873     |     894     | 8.90852E+02 |     873     | 5.09370E+00 
113| 45600  |     873     |     894     | 8.89888E+02 |     873     | 5.41755E+00 
114| 46000  |     871     |     894     | 8.88633E+02 |     871     | 5.66149E+00 
115| 46400  |     871     |     894     | 8.87105E+02 |     871     | 5.84500E+00 
116| 46800  |     869     |     893     | 8.85505E+02 |     869     | 5.65376E+00 
117| 47200  |     869     |     890     | 8.84202E+02 |     869     | 5.64858E+00 
118| 47600  |     869     |     889     | 8.83035E+02 |     869     | 5.80679E+00 
119| 48000  |     869     |     889     | 8.82058E+02 |     869     | 5.82574E+00 
120| 48400  |     864     |     888     | 8.80610E+02 |     864     | 5.77043E+00 
121| 48800  |     864     |     888     | 8.79347E+02 |     864     | 5.44396E+00 
122| 49200  |     864     |     888     | 8.77715E+02 |     864     | 4.39190E+00 
123| 49600  |     864     |     884     | 8.76285E+02 |     864     | 3.37324E+00 
124| 50000  |     864     |     880     | 8.75430E+02 |     864     | 2.80002E+00 
125| 50400  |     864     |     879     | 8.74695E+02 |     864     | 2.47022E+00 
126| 50800  |     864     |     878     | 8.74158E+02 |     864     | 2.19150E+00 
127| 51200  |     864     |     877     | 8.73455E+02 |     864     | 1.69203E+00 
128| 51600  |     864     |     875     | 8.72928E+02 |     864     | 1.26580E+00 
129| 52000  |     864     |     873     | 8.72650E+02 |     864     | 1.22780E+00 
130| 52400  |     856     |     873     | 8.72565E+02 |     856     | 1.52505E+00 
131| 52800  |     856     |     873     | 8.72477E+02 |     856     | 1.61694E+00 
132| 53200  |     856     |     873     | 8.72355E+02 |     856     | 1.72307E+00 
133| 53600  |     856     |     873     | 8.72150E+02 |     856     | 1.86615E+00 
134| 54000  |     856     |     873     | 8.71945E+02 |     856     | 2.12884E+00 
135| 54400  |     856     |     873     | 8.71720E+02 |     856     | 2.22971E+00 
136| 54800  |     856     |     873     | 8.71400E+02 |     856     | 2.35478E+00 
137| 55200  |     856     |     873     | 8.70997E+02 |     856     | 2.58795E+00 
138| 55600  |     856     |     873     | 8.70500E+02 |     856     | 2.80179E+00 
139| 56000  |     855     |     873     | 8.69945E+02 |     855     | 2.99783E+00 
140| 56400  |     855     |     873     | 8.69438E+02 |     855     | 2.97256E+00 
141| 56800  |     855     |     873     | 8.68707E+02 |     855     | 2.96259E+00 
142| 57200  |     835     |     870     | 8.67820E+02 |     835     | 3.46159E+00 
143| 57600  |     835     |     869     | 8.67378E+02 |     835     | 4.15873E+00 
144| 58000  |     835     |     869     | 8.67138E+02 |     835     | 4.32245E+00 
145| 58400  |     835     |     869     | 8.66577E+02 |     835     | 4.82587E+00 
146| 58800  |     835     |     869     | 8.66237E+02 |     835     | 5.01010E+00 
147| 59200  |     835     |     869     | 8.65670E+02 |     835     | 5.43195E+00 
148| 59600  |     835     |     869     | 8.64628E+02 |     835     | 6.10236E+00 
149| 60000  |     835     |     869     | 8.63987E+02 |     835     | 6.16420E+00 
150| 60400  |     834     |     869     | 8.62533E+02 |     834     | 6.66175E+00 
151| 60800  |     834     |     869     | 8.60982E+02 |     834     | 6.62172E+00 
152| 61200  |     834     |     868     | 8.59260E+02 |     834     | 6.18606E+00 
153| 61600  |     834     |     867     | 8.57635E+02 |     834     | 5.56478E+00 
154| 62000  |     834     |     862     | 8.56183E+02 |     834     | 5.17679E+00 
155| 62400  |     834     |     860     | 8.55332E+02 |     834     | 4.91090E+00 
156| 62800  |     834     |     859     | 8.54605E+02 |     834     | 4.94712E+00 
157| 63200  |     834     |     858     | 8.54058E+02 |     834     | 4.92232E+00 
158| 63600  |     834     |     858     | 8.53320E+02 |     834     | 5.30119E+00 
159| 64000  |     834     |     856     | 8.52775E+02 |     834     | 5.33708E+00 
160| 64400  |     834     |     856     | 8.52365E+02 |     834     | 5.54858E+00 
161| 64800  |     832     |     855     | 8.51903E+02 |     832     | 5.86370E+00 
162| 65200  |     832     |     855     | 8.51178E+02 |     832     | 6.42581E+00 
163| 65600  |     831     |     855     | 8.50668E+02 |     831     | 6.72584E+00 
164| 66000  |     831     |     855     | 8.49913E+02 |     831     | 7.05584E+00 
165| 66400  |     831     |     855     | 8.49155E+02 |     831     | 7.21602E+00 
166| 66800  |     831     |     855     | 8.48322E+02 |     831     | 7.38062E+00 
167| 67200  |     831     |     855     | 8.47212E+02 |     831     | 7.42747E+00 
168| 67600  |     831     |     855     | 8.46072E+02 |     831     | 7.42241E+00 
169| 68000  |     831     |     855     | 8.44903E+02 |     831     | 7.20437E+00 
170| 68400  |     831     |     853     | 8.43472E+02 |     831     | 6.89016E+00 
171| 68800  |     831     |     852     | 8.42050E+02 |     831     | 6.37122E+00 
172| 69200  |     831     |     851     | 8.40200E+02 |     831     | 5.53173E+00 
173| 69600  |     831     |     847     | 8.38442E+02 |     831     | 4.35393E+00 
174| 70000  |     831     |     844     | 8.36955E+02 |     831     | 3.27994E+00 
175| 70400  |     831     |     842     | 8.35935E+02 |     831     | 2.35389E+00 
176| 70800  |     831     |     839     | 8.35242E+02 |     831     | 1.49455E+00 
177| 71200  |     829     |     838     | 8.34803E+02 |     829     | 1.11512E+00 
178| 71600  |     829     |     836     | 8.34602E+02 |     829     | 1.00474E+00 
179| 72000  |     829     |     835     | 8.34503E+02 |     829     | 1.09316E+00 
180| 72400  |     829     |     835     | 8.34425E+02 |     829     | 1.13990E+00 
181| 72800  |     827     |     835     | 8.34283E+02 |     827     | 1.30104E+00 
182| 73200  |     827     |     835     | 8.34143E+02 |     827     | 1.40435E+00 
183| 73600  |     827     |     835     | 8.33987E+02 |     827     | 1.49578E+00 
184| 74000  |     827     |     835     | 8.33778E+02 |     827     | 1.61028E+00 
185| 74400  |     827     |     835     | 8.33515E+02 |     827     | 1.66577E+00 
186| 74800  |     827     |     835     | 8.33133E+02 |     827     | 1.73492E+00 
187| 75200  |     827     |     835     | 8.32683E+02 |     827     | 1.69903E+00 
188| 75600  |     827     |     835     | 8.32140E+02 |     827     | 1.57175E+00 
189| 76000  |     827     |     834     | 8.31562E+02 |     827     | 1.24944E+00 
190| 76400  |     827     |     833     | 8.31155E+02 |     827     | 1.15584E+00 
191| 76800  |     827     |     832     | 8.30788E+02 |     827     | 1.13681E+00 
192| 77200  |     827     |     831     | 8.30370E+02 |     827     | 1.09000E+00 
193| 77600  |     825     |     831     | 8.30100E+02 |     825     | 1.23085E+00 
194| 78000  |     825     |     831     | 8.29747E+02 |     825     | 1.28013E+00 
195| 78400  |     825     |     831     | 8.29327E+02 |     825     | 1.24509E+00 
196| 78800  |     824     |     831     | 8.28785E+02 |     824     | 1.01675E+00 
197| 79200  |     824     |     829     | 8.28523E+02 |     824     | 9.61506E-01 
198| 79600  |     824     |     829     | 8.28298E+02 |     824     | 1.11534E+00 
199| 80000  |     821     |     829     | 8.28013E+02 |     821     | 1.37381E+00 
200| 80400  |     821     |     829     | 8.27673E+02 |     821     | 1.49507E+00 
201| 80800  |     821     |     829     | 8.27158E+02 |     821     | 1.55811E+00 
202| 81200  |     821     |     829     | 8.26567E+02 |     821     | 1.35479E+00 
203| 81600  |     821     |     827     | 8.26268E+02 |     821     | 1.40746E+00 
204| 82000  |     821     |     827     | 8.26015E+02 |     821     | 1.52308E+00 
205| 82400  |     821     |     827     | 8.25595E+02 |     821     | 1.64802E+00 
206| 82800  |     821     |     827     | 8.25028E+02 |     821     | 1.68426E+00 
207| 83200  |     821     |     827     | 8.24457E+02 |     821     | 1.57582E+00 
208| 83600  |     821     |     825     | 8.24040E+02 |     821     | 1.56793E+00 
209| 84000  |     821     |     825     | 8.23710E+02 |     821     | 1.70906E+00 
210| 84400  |     821     |     825     | 8.23347E+02 |     821     | 1.77109E+00 
211| 84800  |     821     |     825     | 8.22898E+02 |     821     | 1.76267E+00 
212| 85200  |     818     |     825     | 8.22390E+02 |     818     | 1.62416E+00 
213| 85600  |     818     |     825     | 8.21808E+02 |     818     | 1.22697E+00 
214| 86000  |     818     |     824     | 8.21465E+02 |     818     | 9.21290E-01 
215| 86400  |     818     |     823     | 8.21133E+02 |     818     | 5.38464E-01 
216| 86800  |     818     |     821     | 8.20985E+02 |     818     | 2.11601E-01 
217| 87200  |     818     |     821     | 8.20977E+02 |     818     | 2.58832E-01 
218| 87600  |     818     |     821     | 8.20977E+02 |     818     | 2.58832E-01 
219| 88000  |     813     |     821     | 8.20955E+02 |     813     | 4.77467E-01 
220| 88400  |     813     |     821     | 8.20925E+02 |     813     | 6.39824E-01 
221| 88800  |     813     |     821     | 8.20923E+02 |     813     | 6.41478E-01 
222| 89200  |     813     |     821     | 8.20893E+02 |     813     | 7.18292E-01 
223| 89600  |     813     |     821     | 8.20872E+02 |     813     | 7.97649E-01 
224| 90000  |     813     |     821     | 8.20827E+02 |     813     | 8.81898E-01 
225| 90400  |     813     |     821     | 8.20785E+02 |     813     | 9.86800E-01 
226| 90800  |     813     |     821     | 8.20715E+02 |     813     | 1.11300E+00 
227| 91200  |     813     |     821     | 8.20630E+02 |     813     | 1.21783E+00 
228| 91600  |     813     |     821     | 8.20513E+02 |     813     | 1.42823E+00 
229| 92000  |     813     |     821     | 8.20335E+02 |     813     | 1.68457E+00 
230| 92400  |     813     |     821     | 8.20155E+02 |     813     | 1.89235E+00 
231| 92800  |     813     |     821     | 8.19950E+02 |     813     | 2.07545E+00 
232| 93200  |     813     |     821     | 8.19763E+02 |     813     | 2.17741E+00 
233| 93600  |     813     |     821     | 8.19383E+02 |     813     | 2.45992E+00 
234| 94000  |     813     |     821     | 8.19003E+02 |     813     | 2.59374E+00 
235| 94400  |     813     |     821     | 8.18508E+02 |     813     | 2.71384E+00 
236| 94800  |     813     |     821     | 8.17947E+02 |     813     | 2.67950E+00 
237| 95200  |     813     |     821     | 8.17145E+02 |     813     | 2.60653E+00 
238| 95600  |     813     |     820     | 8.16345E+02 |     813     | 2.38767E+00 
239| 96000  |     813     |     818     | 8.15625E+02 |     813     | 2.30963E+00 
240| 96400  |     808     |     818     | 8.14957E+02 |     808     | 2.23957E+00 
241| 96800  |     808     |     818     | 8.14215E+02 |     808     | 1.86649E+00 
242| 97200  |     808     |     816     | 8.13393E+02 |     808     | 9.91687E-01 
243| 97600  |     808     |     813     | 8.12982E+02 |     808     | 2.59218E-01 
244| 98000  |     808     |     813     | 8.12982E+02 |     808     | 2.59218E-01 
245| 98400  |     806     |     813     | 8.12965E+02 |     806     | 4.34482E-01 
246| 98800  |     806     |     813     | 8.12947E+02 |     806     | 5.56546E-01 
247| 99200  |     806     |     813     | 8.12925E+02 |     806     | 6.59071E-01 
248| 99600  |     806     |     813     | 8.12888E+02 |     806     | 8.21489E-01 
249| 100000 |     806     |     813     | 8.12867E+02 |     806     | 8.91596E-01 
250| 100400 |     806     |     813     | 8.12812E+02 |     806     | 1.07114E+00 
251| 100800 |     806     |     813     | 8.12735E+02 |     806     | 1.25689E+00 
252| 101200 |     806     |     813     | 8.12602E+02 |     806     | 1.54580E+00 
253| 101600 |     806     |     813     | 8.12470E+02 |     806     | 1.76610E+00 
254| 102000 |     806     |     813     | 8.12258E+02 |     806     | 2.05334E+00 
255| 102400 |     806     |     813     | 8.12035E+02 |     806     | 2.30625E+00 
256| 102800 |     806     |     813     | 8.11745E+02 |     806     | 2.57196E+00 
257| 103200 |     802     |     813     | 8.11315E+02 |     802     | 2.88197E+00 
258| 103600 |     802     |     813     | 8.10793E+02 |     802     | 3.11600E+00 
259| 104000 |     802     |     813     | 8.10065E+02 |     802     | 3.28569E+00 
260| 104400 |     802     |     813     | 8.09170E+02 |     802     | 3.24825E+00 
261| 104800 |     802     |     813     | 8.07793E+02 |     802     | 2.73394E+00 
262| 105200 |     802     |     812     | 8.06393E+02 |     802     | 1.32983E+00 
263| 105600 |     802     |     806     | 8.05960E+02 |     802     | 3.97995E-01 
264| 106000 |     802     |     806     | 8.05960E+02 |     802     | 3.97995E-01 
265| 106400 |     802     |     806     | 8.05955E+02 |     802     | 4.09848E-01 
266| 106800 |     802     |     806     | 8.05950E+02 |     802     | 4.21307E-01 
267| 107200 |     802     |     806     | 8.05945E+02 |     802     | 4.32406E-01 
268| 107600 |     802     |     806     | 8.05925E+02 |     802     | 4.73682E-01 
269| 108000 |     799     |     806     | 8.05888E+02 |     799     | 6.32332E-01 
270| 108400 |     799     |     806     | 8.05870E+02 |     799     | 7.19792E-01 
271| 108800 |     799     |     806     | 8.05832E+02 |     799     | 8.24284E-01 
272| 109200 |     799     |     806     | 8.05798E+02 |     799     | 8.92465E-01 
273| 109600 |     799     |     806     | 8.05710E+02 |     799     | 1.06579E+00 
274| 110000 |     799     |     806     | 8.05645E+02 |     799     | 1.18700E+00 
275| 110400 |     799     |     806     | 8.05508E+02 |     799     | 1.41419E+00 
276| 110800 |     799     |     806     | 8.05360E+02 |     799     | 1.57968E+00 
277| 111200 |     799     |     806     | 8.05138E+02 |     799     | 1.80239E+00 
278| 111600 |     799     |     806     | 8.04883E+02 |     799     | 2.01338E+00 
279| 112000 |     799     |     806     | 8.04567E+02 |     799     | 2.22046E+00 
280| 112400 |     799     |     806     | 8.04165E+02 |     799     | 2.37966E+00 
281| 112800 |     798     |     806     | 8.03658E+02 |     798     | 2.46682E+00 
282| 113200 |     798     |     806     | 8.03030E+02 |     798     | 2.42778E+00 
283| 113600 |     798     |     806     | 8.02170E+02 |     798     | 2.10264E+00 
284| 114000 |     798     |     804     | 8.01280E+02 |     798     | 1.92135E+00 
285| 114400 |     798     |     804     | 8.00270E+02 |     798     | 1.35355E+00 
286| 114800 |     798     |     802     | 7.99760E+02 |     798     | 1.07815E+00 
287| 115200 |     798     |     801     | 7.99320E+02 |     798     | 6.50077E-01 
288| 115600 |     798     |     800     | 7.99060E+02 |     798     | 2.57682E-01 
289| 116000 |     798     |     799     | 7.98995E+02 |     798     | 7.05337E-02 
290| 116400 |     798     |     799     | 7.98995E+02 |     798     | 7.05337E-02 
291| 116800 |     798     |     799     | 7.98995E+02 |     798     | 7.05337E-02 
292| 117200 |     798     |     799     | 7.98995E+02 |     798     | 7.05337E-02 
293| 117600 |     798     |     799     | 7.98995E+02 |     798     | 7.05337E-02 
294| 118000 |     798     |     799     | 7.98992E+02 |     798     | 8.62772E-02 
295| 118400 |     798     |     799     | 7.98990E+02 |     798     | 9.94987E-02 
296| 118800 |     798     |     799     | 7.98985E+02 |     798     | 1.21552E-01 
297| 119200 |     798     |     799     | 7.98980E+02 |     798     | 1.40000E-01 
种群信息导出完毕。
评价次数：119200
时间已过 90.48976922035217 秒
最小的救援时间为：798
最优的救援方案为：
第1辆车的救援路线：车库→受灾点18→避难所34→受灾点4→避难所32→受灾点22→避难所40→受灾点13→避难所34→救援结束
第2辆车的救援路线：车库→受灾点2→避难所34→受灾点16→避难所41→受灾点1→避难所34→受灾点9→避难所34→救援结束
第3辆车的救援路线：车库→受灾点11→避难所34→受灾点11→避难所24→受灾点16→避难所45→受灾点7→避难所24→救援结束
第4辆车的救援路线：车库→受灾点11→避难所41→受灾点19→避难所35→救援结束
第5辆车的救援路线：车库→受灾点8→避难所41→受灾点11→避难所34→救援结束
第6辆车的救援路线：车库→受灾点5→避难所23→受灾点15→避难所41→受灾点18→避难所33→救援结束
第7辆车的救援路线：车库→受灾点21→避难所42→受灾点21→避难所34→受灾点13→避难所34→救援结束
第8辆车的救援路线：车库→受灾点14→避难所34→受灾点20→避难所34→救援结束
第9辆车的救援路线：车库→受灾点11→避难所36→受灾点13→避难所34→受灾点22→避难所34→受灾点13→避难所45→救援结束
第10辆车的救援路线：车库→受灾点10→避难所34→受灾点16→避难所34→救援结束
第11辆车的救援路线：车库→受灾点5→避难所44→受灾点16→避难所33→救援结束
第12辆车的救援路线：车库→受灾点11→避难所26→受灾点5→避难所32→受灾点3→避难所43→受灾点5→避难所42→救援结束
第13辆车的救援路线：车库→受灾点16→避难所38→受灾点13→避难所34→救援结束
第14辆车的救援路线：车库→受灾点17→避难所30→受灾点16→避难所34→受灾点13→避难所45→受灾点11→避难所32→救援结束
第15辆车的救援路线：车库→受灾点5→避难所34→救援结束
第16辆车的救援路线：车库→受灾点11→避难所41→受灾点16→避难所26→救援结束
第17辆车的救援路线：车库→受灾点16→避难所42→受灾点6→避难所44→救援结束
第18辆车的救援路线：车库→受灾点6→避难所34→受灾点13→避难所41→受灾点16→避难所45→受灾点7→避难所34→救援结束
第19辆车的救援路线：车库→受灾点16→避难所34→受灾点5→避难所32→救援结束
第20辆车的救援路线：车库→受灾点18→避难所34→受灾点5→避难所34→受灾点11→避难所38→受灾点14→避难所42→救援结束
第21辆车的救援路线：车库→受灾点10→避难所34→受灾点5→避难所34→受灾点18→避难所32→受灾点16→避难所34→救援结束
第22辆车的救援路线：车库→受灾点13→避难所41→救援结束
第23辆车的救援路线：车库→受灾点10→避难所35→救援结束
第24辆车的救援路线：车库→受灾点16→避难所42→受灾点20→避难所45→受灾点8→避难所28→救援结束
第25辆车的救援路线：车库→受灾点14→避难所35→救援结束
第26辆车的救援路线：车库→受灾点13→避难所38→受灾点5→避难所31→受灾点19→避难所29→救援结束
第27辆车的救援路线：车库→受灾点21→避难所34→受灾点1→避难所39→受灾点3→避难所45→受灾点6→避难所34→救援结束
第28辆车的救援路线：车库→受灾点11→避难所34→救援结束
第29辆车的救援路线：车库→受灾点7→避难所34→受灾点20→避难所23→受灾点16→避难所26→救援结束
第30辆车的救援路线：车库→受灾点16→避难所34→救援结束
第31辆车的救援路线：车库→受灾点10→避难所37→受灾点16→避难所32→受灾点16→避难所32→救援结束
第32辆车的救援路线：车库→受灾点13→避难所37→受灾点6→避难所45→受灾点13→避难所26→受灾点5→避难所34→受灾点11→避难所26→救援结束
第33辆车的救援路线：车库→受灾点10→避难所42→救援结束
第34辆车的救援路线：车库→受灾点18→避难所32→受灾点11→避难所32→受灾点16→避难所34→受灾点18→避难所34→救援结束
第35辆车的救援路线：车库→受灾点16→避难所41→受灾点16→避难所34→救援结束
第36辆车的救援路线：车库→受灾点18→避难所40→受灾点7→避难所34→受灾点13→避难所34→救援结束
第37辆车的救援路线：车库→受灾点7→避难所34→受灾点5→避难所30→受灾点18→避难所35→受灾点10→避难所32→救援结束
第38辆车的救援路线：车库→受灾点15→避难所42→救援结束
第39辆车的救援路线：车库→受灾点16→避难所38→受灾点6→避难所34→救援结束
第40辆车的救援路线：车库→受灾点10→避难所37→受灾点16→避难所34→受灾点6→避难所34→受灾点1→避难所45→救援结束
第41辆车的救援路线：车库→受灾点20→避难所34→受灾点21→避难所34→救援结束
第42辆车的救援路线：车库→受灾点13→避难所36→受灾点7→避难所34→受灾点16→避难所41→救援结束
第43辆车的救援路线：车库→受灾点11→避难所34→受灾点21→避难所34→受灾点15→避难所26→受灾点2→避难所30→受灾点2→避难所30→救援结束
第44辆车的救援路线：车库→受灾点2→避难所25→受灾点14→避难所34→受灾点7→避难所34→受灾点16→避难所34→救援结束
第45辆车的救援路线：车库→受灾点16→避难所34→受灾点13→避难所34→救援结束
第46辆车的救援路线：车库→受灾点13→避难所26→受灾点7→避难所32→受灾点13→避难所42→受灾点13→避难所34→救援结束
第47辆车的救援路线：车库→受灾点10→避难所34→受灾点2→避难所32→受灾点11→避难所40→受灾点18→避难所34→救援结束
第48辆车的救援路线：车库→受灾点12→避难所34→救援结束
第49辆车的救援路线：车库→受灾点5→避难所34→受灾点5→避难所27→受灾点18→避难所40→受灾点16→避难所27→受灾点18→避难所34→救援结束
第50辆车的救援路线：车库→受灾点2→避难所34→受灾点16→避难所40→受灾点16→避难所34→受灾点10→避难所37→救援结束
