==================================================================================
gen|  eval  |    f_opt    |    f_max    |    f_avg    |    f_min    |    f_std    
----------------------------------------------------------------------------------
 0 |  400   |     1535    |     5535    | 2.58606E+03 |     1535    | 6.33279E+02 
 1 |  800   |     1432    |     2356    | 2.05238E+03 |     1432    | 2.02389E+02 
 2 |  1200  |     1291    |     2074    | 1.86949E+03 |     1291    | 1.50637E+02 
 3 |  1600  |     1291    |     1935    | 1.77243E+03 |     1291    | 1.26955E+02 
 4 |  2000  |     1291    |     1841    | 1.69571E+03 |     1291    | 1.06945E+02 
 5 |  2400  |     1229    |     1757    | 1.63397E+03 |     1229    | 8.97043E+01 
 6 |  2800  |     1229    |     1692    | 1.58417E+03 |     1229    | 7.92497E+01 
 7 |  3200  |     1223    |     1637    | 1.54345E+03 |     1223    | 7.13232E+01 
 8 |  3600  |     1223    |     1592    | 1.51334E+03 |     1223    | 6.66580E+01 
 9 |  4000  |     1206    |     1561    | 1.48487E+03 |     1206    | 6.50232E+01 
 10|  4400  |     1176    |     1534    | 1.46472E+03 |     1176    | 6.42933E+01 
 11|  4800  |     1176    |     1513    | 1.44373E+03 |     1176    | 6.14664E+01 
 12|  5200  |     1176    |     1490    | 1.42239E+03 |     1176    | 6.30283E+01 
 13|  5600  |     1176    |     1471    | 1.39642E+03 |     1176    | 6.11998E+01 
 14|  6000  |     1146    |     1439    | 1.36740E+03 |     1146    | 5.84335E+01 
 15|  6400  |     1136    |     1406    | 1.33584E+03 |     1136    | 5.42475E+01 
 16|  6800  |     1091    |     1373    | 1.30603E+03 |     1091    | 5.05044E+01 
 17|  7200  |     1091    |     1337    | 1.27981E+03 |     1091    | 4.23096E+01 
 18|  7600  |     1072    |     1303    | 1.25072E+03 |     1072    | 4.02965E+01 
 19|  8000  |     1072    |     1273    | 1.22934E+03 |     1072    | 3.46786E+01 
 20|  8400  |     1072    |     1253    | 1.21149E+03 |     1072    | 3.25458E+01 
 21|  8800  |     1072    |     1232    | 1.19442E+03 |     1072    | 3.04530E+01 
 22|  9200  |     1072    |     1215    | 1.17962E+03 |     1072    | 2.88403E+01 
 23|  9600  |     1072    |     1202    | 1.16751E+03 |     1072    | 2.72120E+01 
 24| 10000  |     1072    |     1189    | 1.15460E+03 |     1072    | 2.55986E+01 
 25| 10400  |     1072    |     1172    | 1.14268E+03 |     1072    | 2.28486E+01 
 26| 10800  |     1064    |     1162    | 1.13372E+03 |     1064    | 2.18602E+01 
 27| 11200  |     1009    |     1154    | 1.12577E+03 |     1009    | 2.20135E+01 
 28| 11600  |     1009    |     1145    | 1.11826E+03 |     1009    | 2.12656E+01 
 29| 12000  |     1009    |     1138    | 1.11059E+03 |     1009    | 2.01880E+01 
 30| 12400  |     1008    |     1129    | 1.10319E+03 |     1008    | 2.17167E+01 
 31| 12800  |     1008    |     1122    | 1.09623E+03 |     1008    | 2.11834E+01 
 32| 13200  |     1008    |     1115    | 1.09162E+03 |     1008    | 2.04478E+01 
 33| 13600  |     1008    |     1110    | 1.08602E+03 |     1008    | 2.02731E+01 
 34| 14000  |     1008    |     1102    | 1.07872E+03 |     1008    | 2.05387E+01 
 35| 14400  |     1008    |     1095    | 1.07354E+03 |     1008    | 1.99155E+01 
 36| 14800  |     979     |     1091    | 1.06629E+03 |     979     | 2.19240E+01 
 37| 15200  |     979     |     1087    | 1.06089E+03 |     979     | 2.14892E+01 
 38| 15600  |     979     |     1079    | 1.05411E+03 |     979     | 2.10274E+01 
 39| 16000  |     973     |     1074    | 1.04765E+03 |     973     | 2.03492E+01 
 40| 16400  |     973     |     1068    | 1.04288E+03 |     973     | 1.85830E+01 
 41| 16800  |     973     |     1061    | 1.03653E+03 |     973     | 1.70870E+01 
 42| 17200  |     973     |     1054    | 1.03146E+03 |     973     | 1.58508E+01 
 43| 17600  |     973     |     1046    | 1.02640E+03 |     973     | 1.48093E+01 
 44| 18000  |     973     |     1039    | 1.02226E+03 |     973     | 1.38202E+01 
 45| 18400  |     959     |     1036    | 1.01898E+03 |     959     | 1.38608E+01 
 46| 18800  |     959     |     1032    | 1.01403E+03 |     959     | 1.35010E+01 
 47| 19200  |     959     |     1026    | 1.01004E+03 |     959     | 1.29258E+01 
 48| 19600  |     952     |     1021    | 1.00590E+03 |     952     | 1.26754E+01 
 49| 20000  |     952     |     1019    | 1.00327E+03 |     952     | 1.22440E+01 
 50| 20400  |     952     |     1016    | 9.99635E+02 |     952     | 1.13235E+01 
 51| 20800  |     952     |     1013    | 9.96612E+02 |     952     | 1.03705E+01 
 52| 21200  |     941     |     1007    | 9.93798E+02 |     941     | 9.89047E+00 
 53| 21600  |     941     |     1002    | 9.92150E+02 |     941     | 9.70219E+00 
 54| 22000  |     941     |     1000    | 9.90398E+02 |     941     | 9.87596E+00 
 55| 22400  |     941     |     1000    | 9.88305E+02 |     941     | 9.99735E+00 
 56| 22800  |     941     |     1000    | 9.86683E+02 |     941     | 1.01186E+01 
 57| 23200  |     941     |     997     | 9.84080E+02 |     941     | 9.94830E+00 
 58| 23600  |     938     |     993     | 9.82143E+02 |     938     | 1.01409E+01 
 59| 24000  |     938     |     990     | 9.80025E+02 |     938     | 1.05223E+01 
 60| 24400  |     938     |     990     | 9.78273E+02 |     938     | 1.02683E+01 
 61| 24800  |     938     |     988     | 9.76222E+02 |     938     | 1.02856E+01 
 62| 25200  |     938     |     987     | 9.74370E+02 |     938     | 1.03664E+01 
 63| 25600  |     938     |     985     | 9.72607E+02 |     938     | 1.00766E+01 
 64| 26000  |     938     |     984     | 9.70763E+02 |     938     | 9.76991E+00 
 65| 26400  |     938     |     982     | 9.69215E+02 |     938     | 9.22165E+00 
 66| 26800  |     938     |     979     | 9.67477E+02 |     938     | 8.65474E+00 
 67| 27200  |     931     |     978     | 9.65235E+02 |     931     | 8.12587E+00 
 68| 27600  |     931     |     973     | 9.63168E+02 |     931     | 7.22942E+00 
 69| 28000  |     931     |     972     | 9.61425E+02 |     931     | 6.70070E+00 
 70| 28400  |     931     |     967     | 9.59555E+02 |     931     | 5.73297E+00 
 71| 28800  |     931     |     964     | 9.58405E+02 |     931     | 5.34191E+00 
 72| 29200  |     931     |     961     | 9.58000E+02 |     931     | 5.38377E+00 
 73| 29600  |     931     |     961     | 9.57523E+02 |     931     | 5.58610E+00 
 74| 30000  |     921     |     960     | 9.56935E+02 |     921     | 6.03165E+00 
 75| 30400  |     921     |     960     | 9.56467E+02 |     921     | 6.27168E+00 
 76| 30800  |     921     |     960     | 9.55898E+02 |     921     | 6.79095E+00 
 77| 31200  |     921     |     960     | 9.55135E+02 |     921     | 7.20394E+00 
 78| 31600  |     921     |     960     | 9.53957E+02 |     921     | 7.54624E+00 
 79| 32000  |     904     |     960     | 9.52643E+02 |     904     | 8.24922E+00 
 80| 32400  |     904     |     960     | 9.51122E+02 |     904     | 8.50515E+00 
 81| 32800  |     904     |     960     | 9.49490E+02 |     904     | 8.38957E+00 
 82| 33200  |     904     |     958     | 9.47385E+02 |     904     | 8.09517E+00 
 83| 33600  |     904     |     952     | 9.45085E+02 |     904     | 7.96259E+00 
 84| 34000  |     904     |     952     | 9.44090E+02 |     904     | 7.96316E+00 
 85| 34400  |     904     |     951     | 9.42433E+02 |     904     | 8.24230E+00 
 86| 34800  |     904     |     951     | 9.40812E+02 |     904     | 8.01076E+00 
 87| 35200  |     904     |     950     | 9.39455E+02 |     904     | 7.64480E+00 
 88| 35600  |     904     |     949     | 9.37285E+02 |     904     | 6.72635E+00 
 89| 36000  |     904     |     943     | 9.35977E+02 |     904     | 6.18967E+00 
 90| 36400  |     904     |     941     | 9.34758E+02 |     904     | 6.12607E+00 
 91| 36800  |     904     |     939     | 9.33403E+02 |     904     | 6.34709E+00 
 92| 37200  |     904     |     937     | 9.32553E+02 |     904     | 6.59600E+00 
 93| 37600  |     904     |     936     | 9.32095E+02 |     904     | 6.77392E+00 
 94| 38000  |     904     |     936     | 9.31102E+02 |     904     | 7.29226E+00 
 95| 38400  |     904     |     936     | 9.29952E+02 |     904     | 7.65965E+00 
 96| 38800  |     904     |     936     | 9.28773E+02 |     904     | 7.69713E+00 
 97| 39200  |     904     |     936     | 9.27503E+02 |     904     | 7.91486E+00 
 98| 39600  |     904     |     936     | 9.25758E+02 |     904     | 7.96515E+00 
 99| 40000  |     888     |     936     | 9.23960E+02 |     888     | 7.60483E+00 
100| 40400  |     888     |     932     | 9.21918E+02 |     888     | 6.58488E+00 
101| 40800  |     888     |     928     | 9.20347E+02 |     888     | 6.08578E+00 
102| 41200  |     888     |     927     | 9.18722E+02 |     888     | 5.64185E+00 
103| 41600  |     888     |     924     | 9.16885E+02 |     888     | 5.07954E+00 
104| 42000  |     888     |     923     | 9.15003E+02 |     888     | 4.24529E+00 
105| 42400  |     888     |     919     | 9.13165E+02 |     888     | 2.57445E+00 
106| 42800  |     888     |     913     | 9.12460E+02 |     888     | 2.02692E+00 
107| 43200  |     888     |     913     | 9.12325E+02 |     888     | 2.13175E+00 
108| 43600  |     888     |     913     | 9.12050E+02 |     888     | 2.41506E+00 
109| 44000  |     888     |     913     | 9.11722E+02 |     888     | 2.66186E+00 
110| 44400  |     888     |     913     | 9.11510E+02 |     888     | 2.71107E+00 
111| 44800  |     888     |     913     | 9.11270E+02 |     888     | 2.73626E+00 
112| 45200  |     888     |     913     | 9.10747E+02 |     888     | 2.89633E+00 
113| 45600  |     888     |     912     | 9.10337E+02 |     888     | 2.97045E+00 
114| 46000  |     888     |     912     | 9.10028E+02 |     888     | 3.08897E+00 
115| 46400  |     888     |     912     | 9.09495E+02 |     888     | 3.18276E+00 
116| 46800  |     888     |     912     | 9.09040E+02 |     888     | 3.22388E+00 
117| 47200  |     888     |     912     | 9.08457E+02 |     888     | 3.22927E+00 
118| 47600  |     888     |     912     | 9.07673E+02 |     888     | 3.11051E+00 
119| 48000  |     888     |     910     | 9.06472E+02 |     888     | 2.72933E+00 
120| 48400  |     888     |     910     | 9.05582E+02 |     888     | 2.65767E+00 
121| 48800  |     888     |     908     | 9.04827E+02 |     888     | 2.42647E+00 
122| 49200  |     888     |     908     | 9.03950E+02 |     888     | 1.78676E+00 
123| 49600  |     888     |     904     | 9.03558E+02 |     888     | 1.82666E+00 
124| 50000  |     888     |     904     | 9.03430E+02 |     888     | 1.95323E+00 
125| 50400  |     880     |     904     | 9.03145E+02 |     880     | 2.36516E+00 
126| 50800  |     880     |     904     | 9.02852E+02 |     880     | 2.49815E+00 
127| 51200  |     880     |     904     | 9.02482E+02 |     880     | 2.46672E+00 
128| 51600  |     880     |     904     | 9.01987E+02 |     880     | 2.61579E+00 
129| 52000  |     880     |     904     | 9.01480E+02 |     880     | 2.60473E+00 
130| 52400  |     880     |     902     | 9.01273E+02 |     880     | 2.76193E+00 
131| 52800  |     880     |     902     | 9.01090E+02 |     880     | 3.02851E+00 
132| 53200  |     880     |     902     | 9.00717E+02 |     880     | 3.40260E+00 
133| 53600  |     880     |     902     | 9.00322E+02 |     880     | 3.76543E+00 
134| 54000  |     876     |     902     | 8.99835E+02 |     876     | 4.21518E+00 
135| 54400  |     876     |     902     | 8.99388E+02 |     876     | 4.42632E+00 
136| 54800  |     876     |     902     | 8.98803E+02 |     876     | 4.59059E+00 
137| 55200  |     876     |     902     | 8.98070E+02 |     876     | 4.82235E+00 
138| 55600  |     876     |     902     | 8.97035E+02 |     876     | 5.06199E+00 
139| 56000  |     876     |     902     | 8.95697E+02 |     876     | 4.97453E+00 
140| 56400  |     876     |     902     | 8.94295E+02 |     876     | 4.44387E+00 
141| 56800  |     876     |     898     | 8.93062E+02 |     876     | 4.19328E+00 
142| 57200  |     876     |     898     | 8.92060E+02 |     876     | 3.96124E+00 
143| 57600  |     876     |     898     | 8.90635E+02 |     876     | 2.87694E+00 
144| 58000  |     876     |     891     | 8.89850E+02 |     876     | 2.51545E+00 
145| 58400  |     876     |     891     | 8.89260E+02 |     876     | 3.21441E+00 
146| 58800  |     876     |     891     | 8.88822E+02 |     876     | 3.49800E+00 
147| 59200  |     876     |     891     | 8.88155E+02 |     876     | 3.77902E+00 
148| 59600  |     876     |     891     | 8.87330E+02 |     876     | 4.03622E+00 
149| 60000  |     876     |     891     | 8.86085E+02 |     876     | 4.14581E+00 
150| 60400  |     876     |     888     | 8.84960E+02 |     876     | 4.23301E+00 
151| 60800  |     876     |     888     | 8.84178E+02 |     876     | 4.46889E+00 
152| 61200  |     876     |     888     | 8.83330E+02 |     876     | 4.60121E+00 
153| 61600  |     876     |     888     | 8.82130E+02 |     876     | 4.50423E+00 
154| 62000  |     876     |     888     | 8.80628E+02 |     876     | 3.89535E+00 
155| 62400  |     876     |     887     | 8.79303E+02 |     876     | 2.92933E+00 
156| 62800  |     876     |     882     | 8.78190E+02 |     876     | 1.91935E+00 
157| 63200  |     876     |     880     | 8.77413E+02 |     876     | 1.23586E+00 
158| 63600  |     876     |     879     | 8.76800E+02 |     876     | 5.14782E-01 
159| 64000  |     870     |     877     | 8.76653E+02 |     870     | 5.75972E-01 
160| 64400  |     870     |     877     | 8.76548E+02 |     870     | 6.76568E-01 
161| 64800  |     870     |     877     | 8.76420E+02 |     870     | 6.73498E-01 
162| 65200  |     870     |     877     | 8.76265E+02 |     870     | 6.92658E-01 
163| 65600  |     870     |     877     | 8.76158E+02 |     870     | 6.46292E-01 
164| 66000  |     870     |     877     | 8.75990E+02 |     870     | 5.24309E-01 
165| 66400  |     870     |     876     | 8.75928E+02 |     870     | 6.26294E-01 
166| 66800  |     870     |     876     | 8.75900E+02 |     870     | 7.17635E-01 
167| 67200  |     870     |     876     | 8.75888E+02 |     870     | 7.58185E-01 
168| 67600  |     870     |     876     | 8.75850E+02 |     870     | 8.67468E-01 
169| 68000  |     856     |     876     | 8.75755E+02 |     856     | 1.39999E+00 
170| 68400  |     856     |     876     | 8.75680E+02 |     856     | 1.58038E+00 
171| 68800  |     856     |     876     | 8.75592E+02 |     856     | 1.70189E+00 
172| 69200  |     856     |     876     | 8.75505E+02 |     856     | 1.81796E+00 
173| 69600  |     853     |     876     | 8.75298E+02 |     853     | 2.26804E+00 
174| 70000  |     853     |     876     | 8.75148E+02 |     853     | 2.37713E+00 
175| 70400  |     853     |     876     | 8.74885E+02 |     853     | 2.54003E+00 
176| 70800  |     853     |     876     | 8.74580E+02 |     853     | 2.69418E+00 
177| 71200  |     853     |     876     | 8.74128E+02 |     853     | 2.98014E+00 
178| 71600  |     853     |     876     | 8.73648E+02 |     853     | 3.09972E+00 
179| 72000  |     853     |     876     | 8.72820E+02 |     853     | 3.27454E+00 
180| 72400  |     853     |     876     | 8.71617E+02 |     853     | 3.18452E+00 
181| 72800  |     853     |     875     | 8.70452E+02 |     853     | 2.63775E+00 
182| 73200  |     851     |     871     | 8.69707E+02 |     851     | 2.99699E+00 
183| 73600  |     836     |     871     | 8.68783E+02 |     836     | 4.60491E+00 
184| 74000  |     836     |     870     | 8.67587E+02 |     836     | 6.00061E+00 
185| 74400  |     836     |     870     | 8.66158E+02 |     836     | 7.32821E+00 
186| 74800  |     836     |     870     | 8.64245E+02 |     836     | 8.30993E+00 
187| 75200  |     836     |     870     | 8.61327E+02 |     836     | 9.02276E+00 
188| 75600  |     836     |     870     | 8.58285E+02 |     836     | 8.87405E+00 
189| 76000  |     836     |     867     | 8.54510E+02 |     836     | 7.23463E+00 
190| 76400  |     836     |     860     | 8.51230E+02 |     836     | 5.00221E+00 
191| 76800  |     836     |     856     | 8.49595E+02 |     836     | 4.68679E+00 
192| 77200  |     836     |     851     | 8.48265E+02 |     836     | 5.39349E+00 
193| 77600  |     836     |     851     | 8.46870E+02 |     836     | 6.08877E+00 
194| 78000  |     836     |     851     | 8.45410E+02 |     836     | 6.46699E+00 
195| 78400  |     836     |     851     | 8.43263E+02 |     836     | 6.40653E+00 
196| 78800  |     836     |     851     | 8.40085E+02 |     836     | 5.05102E+00 
197| 79200  |     836     |     841     | 8.37470E+02 |     836     | 1.87059E+00 
198| 79600  |     836     |     840     | 8.36753E+02 |     836     | 1.45645E+00 
199| 80000  |     836     |     837     | 8.36038E+02 |     836     | 1.89984E-01 
200| 80400  |     836     |     836     | 8.36000E+02 |     836     | 0.00000E+00 
201| 80800  |     836     |     836     | 8.36000E+02 |     836     | 0.00000E+00 
202| 81200  |     835     |     836     | 8.35997E+02 |     835     | 4.99375E-02 
203| 81600  |     834     |     836     | 8.35992E+02 |     834     | 1.11552E-01 
204| 82000  |     824     |     836     | 8.35960E+02 |     824     | 6.11065E-01 
205| 82400  |     824     |     836     | 8.35960E+02 |     824     | 6.11065E-01 
206| 82800  |     824     |     836     | 8.35950E+02 |     824     | 6.26498E-01 
207| 83200  |     824     |     836     | 8.35947E+02 |     824     | 6.28286E-01 
208| 83600  |     824     |     836     | 8.35942E+02 |     824     | 6.35762E-01 
209| 84000  |     824     |     836     | 8.35940E+02 |     824     | 6.37495E-01 
210| 84400  |     824     |     836     | 8.35920E+02 |     824     | 6.62269E-01 
211| 84800  |     824     |     836     | 8.35910E+02 |     824     | 6.72235E-01 
212| 85200  |     824     |     836     | 8.35890E+02 |     824     | 6.91303E-01 
213| 85600  |     824     |     836     | 8.35852E+02 |     824     | 7.28522E-01 
214| 86000  |     824     |     836     | 8.35785E+02 |     824     | 7.89794E-01 
215| 86400  |     824     |     836     | 8.35622E+02 |     824     | 1.29615E+00 
216| 86800  |     819     |     836     | 8.35470E+02 |     819     | 1.56975E+00 
217| 87200  |     819     |     836     | 8.35280E+02 |     819     | 1.79070E+00 
218| 87600  |     819     |     836     | 8.35062E+02 |     819     | 1.88377E+00 
219| 88000  |     819     |     836     | 8.34683E+02 |     819     | 2.00791E+00 
220| 88400  |     819     |     836     | 8.34175E+02 |     819     | 2.23257E+00 
221| 88800  |     819     |     835     | 8.33490E+02 |     819     | 2.62391E+00 
222| 89200  |     819     |     834     | 8.33173E+02 |     819     | 2.75004E+00 
223| 89600  |     819     |     834     | 8.32812E+02 |     819     | 3.23919E+00 
224| 90000  |     819     |     834     | 8.32525E+02 |     819     | 3.54463E+00 
225| 90400  |     819     |     834     | 8.31883E+02 |     819     | 4.13627E+00 
226| 90800  |     819     |     834     | 8.31462E+02 |     819     | 4.42251E+00 
227| 91200  |     817     |     834     | 8.30303E+02 |     817     | 5.01558E+00 
228| 91600  |     817     |     834     | 8.29110E+02 |     817     | 5.33225E+00 
229| 92000  |     817     |     834     | 8.27705E+02 |     817     | 5.34630E+00 
230| 92400  |     817     |     834     | 8.25952E+02 |     817     | 4.87188E+00 
231| 92800  |     817     |     832     | 8.23753E+02 |     817     | 3.17746E+00 
232| 93200  |     817     |     824     | 8.22390E+02 |     817     | 1.90208E+00 
233| 93600  |     817     |     824     | 8.21670E+02 |     817     | 1.92382E+00 
234| 94000  |     814     |     823     | 8.20930E+02 |     814     | 1.97866E+00 
235| 94400  |     814     |     823     | 8.20100E+02 |     814     | 1.88547E+00 
236| 94800  |     814     |     822     | 8.19303E+02 |     814     | 1.51195E+00 
237| 95200  |     814     |     820     | 8.18602E+02 |     814     | 1.16168E+00 
238| 95600  |     814     |     819     | 8.18405E+02 |     814     | 1.38960E+00 
239| 96000  |     814     |     819     | 8.18122E+02 |     814     | 1.61632E+00 
240| 96400  |     814     |     819     | 8.17758E+02 |     814     | 1.80103E+00 
241| 96800  |     814     |     819     | 8.17253E+02 |     814     | 1.93746E+00 
242| 97200  |     814     |     819     | 8.16628E+02 |     814     | 1.94133E+00 
243| 97600  |     814     |     819     | 8.15918E+02 |     814     | 1.73225E+00 
244| 98000  |     811     |     817     | 8.15130E+02 |     811     | 1.45193E+00 
245| 98400  |     811     |     817     | 8.14680E+02 |     811     | 1.24603E+00 
246| 98800  |     811     |     816     | 8.14050E+02 |     811     | 3.50000E-01 
247| 99200  |     811     |     814     | 8.13992E+02 |     811     | 1.49812E-01 
248| 99600  |     811     |     814     | 8.13987E+02 |     811     | 1.79844E-01 
249| 100000 |     811     |     814     | 8.13987E+02 |     811     | 1.79844E-01 
250| 100400 |     811     |     814     | 8.13987E+02 |     811     | 1.79844E-01 
251| 100800 |     811     |     814     | 8.13980E+02 |     811     | 2.33666E-01 
252| 101200 |     811     |     814     | 8.13975E+02 |     811     | 2.53722E-01 
253| 101600 |     811     |     814     | 8.13975E+02 |     811     | 2.53722E-01 
254| 102000 |     811     |     814     | 8.13970E+02 |     811     | 2.72213E-01 
255| 102400 |     811     |     814     | 8.13960E+02 |     811     | 3.05614E-01 
256| 102800 |     811     |     814     | 8.13950E+02 |     811     | 3.35410E-01 
257| 103200 |     811     |     814     | 8.13925E+02 |     811     | 4.17582E-01 
258| 103600 |     811     |     814     | 8.13890E+02 |     811     | 5.17591E-01 
259| 104000 |     811     |     814     | 8.13837E+02 |     811     | 6.17328E-01 
260| 104400 |     811     |     814     | 8.13742E+02 |     811     | 7.68891E-01 
261| 104800 |     811     |     814     | 8.13668E+02 |     811     | 8.52610E-01 
262| 105200 |     811     |     814     | 8.13565E+02 |     811     | 9.59570E-01 
263| 105600 |     811     |     814     | 8.13438E+02 |     811     | 1.06353E+00 
264| 106000 |     811     |     814     | 8.13230E+02 |     811     | 1.16923E+00 
265| 106400 |     806     |     814     | 8.12928E+02 |     806     | 1.34805E+00 
266| 106800 |     806     |     814     | 8.12535E+02 |     806     | 1.41024E+00 
267| 107200 |     806     |     814     | 8.12035E+02 |     806     | 1.41731E+00 
268| 107600 |     806     |     814     | 8.11400E+02 |     806     | 1.08167E+00 
269| 108000 |     806     |     812     | 8.11062E+02 |     806     | 1.04336E+00 
270| 108400 |     806     |     812     | 8.10768E+02 |     806     | 1.07165E+00 
271| 108800 |     806     |     811     | 8.10633E+02 |     806     | 1.26390E+00 
272| 109200 |     806     |     811     | 8.10560E+02 |     806     | 1.35698E+00 
273| 109600 |     806     |     811     | 8.10383E+02 |     806     | 1.56243E+00 
274| 110000 |     806     |     811     | 8.10195E+02 |     806     | 1.73982E+00 
275| 110400 |     806     |     811     | 8.09845E+02 |     806     | 1.97762E+00 
276| 110800 |     806     |     811     | 8.09480E+02 |     806     | 2.13766E+00 
277| 111200 |     806     |     811     | 8.08952E+02 |     806     | 2.25616E+00 
278| 111600 |     806     |     811     | 8.07918E+02 |     806     | 2.17272E+00 
279| 112000 |     806     |     811     | 8.06810E+02 |     806     | 1.38885E+00 
280| 112400 |     804     |     807     | 8.06128E+02 |     804     | 3.55308E-01 
281| 112800 |     804     |     806     | 8.05995E+02 |     804     | 9.98749E-02 
282| 113200 |     804     |     806     | 8.05995E+02 |     804     | 9.98749E-02 
283| 113600 |     804     |     806     | 8.05995E+02 |     804     | 9.98749E-02 
284| 114000 |     804     |     806     | 8.05990E+02 |     804     | 1.41067E-01 
285| 114400 |     804     |     806     | 8.05990E+02 |     804     | 1.41067E-01 
286| 114800 |     804     |     806     | 8.05970E+02 |     804     | 2.43105E-01 
287| 115200 |     804     |     806     | 8.05947E+02 |     804     | 3.15822E-01 
288| 115600 |     804     |     806     | 8.05933E+02 |     804     | 3.57692E-01 
289| 116000 |     804     |     806     | 8.05898E+02 |     804     | 4.38171E-01 
种群信息导出完毕。
评价次数：116000
时间已过 100.60272097587585 秒
最小的救援时间为：804
最优的救援方案为：
第1辆车的救援路线：车库→受灾点21→避难所32→受灾点11→避难所32→受灾点10→避难所34→受灾点6→避难所34→救援结束
第2辆车的救援路线：车库→受灾点13→避难所41→救援结束
第3辆车的救援路线：车库→受灾点17→避难所26→受灾点10→避难所26→受灾点18→避难所34→受灾点18→避难所34→受灾点11→避难所34→救援结束
第4辆车的救援路线：车库→受灾点11→避难所32→受灾点13→避难所34→受灾点20→避难所40→救援结束
第5辆车的救援路线：车库→受灾点13→避难所26→受灾点5→避难所44→救援结束
第6辆车的救援路线：车库→受灾点19→避难所34→受灾点14→避难所34→受灾点18→避难所32→救援结束
第7辆车的救援路线：车库→受灾点3→避难所34→受灾点5→避难所42→救援结束
第8辆车的救援路线：车库→受灾点11→避难所43→救援结束
第9辆车的救援路线：车库→受灾点7→避难所34→救援结束
第10辆车的救援路线：车库→受灾点16→避难所43→受灾点7→避难所41→受灾点16→避难所38→救援结束
第11辆车的救援路线：车库→受灾点21→避难所26→受灾点16→避难所42→受灾点13→避难所26→救援结束
第12辆车的救援路线：车库→受灾点4→避难所38→受灾点13→避难所26→受灾点16→避难所32→受灾点16→避难所35→救援结束
第13辆车的救援路线：车库→受灾点10→避难所41→受灾点16→避难所32→受灾点16→避难所30→救援结束
第14辆车的救援路线：车库→受灾点7→避难所34→受灾点10→避难所33→受灾点16→避难所46→救援结束
第15辆车的救援路线：车库→受灾点13→避难所35→救援结束
第16辆车的救援路线：车库→受灾点16→避难所32→受灾点18→避难所26→受灾点16→避难所35→救援结束
第17辆车的救援路线：车库→受灾点13→避难所38→受灾点7→避难所32→受灾点6→避难所41→受灾点18→避难所34→救援结束
第18辆车的救援路线：车库→受灾点21→避难所32→受灾点13→避难所35→受灾点8→避难所32→救援结束
第19辆车的救援路线：车库→受灾点16→避难所34→受灾点16→避难所34→受灾点14→避难所34→救援结束
第20辆车的救援路线：车库→受灾点20→避难所42→救援结束
第21辆车的救援路线：车库→受灾点10→避难所38→受灾点10→避难所45→受灾点5→避难所38→受灾点7→避难所30→受灾点1→避难所39→受灾点5→避难所23→救援结束
第22辆车的救援路线：车库→受灾点16→避难所34→救援结束
第23辆车的救援路线：车库→受灾点5→避难所34→受灾点10→避难所35→救援结束
第24辆车的救援路线：车库→受灾点20→避难所29→受灾点5→避难所38→受灾点14→避难所34→救援结束
第25辆车的救援路线：车库→受灾点16→避难所35→救援结束
第26辆车的救援路线：车库→受灾点15→避难所45→受灾点11→避难所32→受灾点13→避难所34→救援结束
第27辆车的救援路线：车库→受灾点11→避难所34→受灾点6→避难所40→救援结束
第28辆车的救援路线：车库→受灾点16→避难所26→受灾点18→避难所41→受灾点2→避难所34→受灾点18→避难所40→救援结束
第29辆车的救援路线：车库→受灾点11→避难所34→受灾点8→避难所34→受灾点5→避难所28→救援结束
第30辆车的救援路线：车库→受灾点15→避难所23→受灾点16→避难所42→受灾点18→避难所45→救援结束
第31辆车的救援路线：车库→受灾点13→避难所37→受灾点16→避难所45→受灾点16→避难所45→救援结束
第32辆车的救援路线：车库→受灾点5→避难所42→受灾点16→避难所44→救援结束
第33辆车的救援路线：车库→受灾点11→避难所32→受灾点11→避难所35→救援结束
第34辆车的救援路线：车库→受灾点18→避难所29→受灾点16→避难所23→受灾点16→避难所45→救援结束
第35辆车的救援路线：车库→受灾点18→避难所41→受灾点11→避难所34→受灾点10→避难所34→受灾点6→避难所34→救援结束
第36辆车的救援路线：车库→受灾点5→避难所28→受灾点21→避难所44→受灾点11→避难所32→救援结束
第37辆车的救援路线：车库→受灾点16→避难所30→受灾点18→避难所45→受灾点16→避难所35→救援结束
第38辆车的救援路线：车库→受灾点12→避难所37→救援结束
第39辆车的救援路线：车库→受灾点13→避难所35→救援结束
第40辆车的救援路线：车库→受灾点10→避难所23→受灾点15→避难所34→受灾点14→避难所34→受灾点11→避难所32→救援结束
第41辆车的救援路线：车库→受灾点16→避难所35→受灾点20→避难所32→救援结束
第42辆车的救援路线：车库→受灾点2→避难所34→受灾点2→避难所34→受灾点5→避难所32→受灾点16→避难所30→受灾点5→避难所26→救援结束
第43辆车的救援路线：车库→受灾点6→避难所38→受灾点13→避难所32→受灾点7→避难所34→受灾点16→避难所38→受灾点2→避难所34→救援结束
第44辆车的救援路线：车库→受灾点1→避难所34→受灾点22→避难所26→受灾点1→避难所34→受灾点7→避难所32→受灾点13→避难所32→救援结束
第45辆车的救援路线：车库→受灾点6→避难所35→救援结束
第46辆车的救援路线：车库→受灾点5→避难所34→受灾点3→避难所32→受灾点2→避难所32→受灾点11→避难所37→受灾点11→避难所35→救援结束
第47辆车的救援路线：车库→受灾点19→避难所34→受灾点13→避难所45→受灾点16→避难所41→救援结束
第48辆车的救援路线：车库→受灾点21→避难所41→受灾点7→避难所35→救援结束
第49辆车的救援路线：车库→受灾点9→避难所45→受灾点5→避难所32→受灾点13→避难所34→受灾点2→避难所34→救援结束
第50辆车的救援路线：车库→受灾点13→避难所41→受灾点22→避难所34→受灾点13→避难所35→救援结束
