==================================================================================
gen|  eval  |    f_opt    |    f_max    |    f_avg    |    f_min    |    f_std    
----------------------------------------------------------------------------------
 0 |  400   |     1545    |     4745    | 2.51341E+03 |     1545    | 6.04259E+02 
 1 |  800   |     1419    |     2316    | 2.02325E+03 |     1419    | 1.93758E+02 
 2 |  1200  |     1372    |     2054    | 1.86568E+03 |     1372    | 1.38501E+02 
 3 |  1600  |     1372    |     1934    | 1.77612E+03 |     1372    | 1.16341E+02 
 4 |  2000  |     1363    |     1826    | 1.69031E+03 |     1363    | 9.97290E+01 
 5 |  2400  |     1343    |     1752    | 1.63528E+03 |     1343    | 8.89094E+01 
 6 |  2800  |     1343    |     1687    | 1.58470E+03 |     1343    | 7.89388E+01 
 7 |  3200  |     1221    |     1637    | 1.54589E+03 |     1221    | 7.00221E+01 
 8 |  3600  |     1221    |     1596    | 1.50970E+03 |     1221    | 6.36376E+01 
 9 |  4000  |     1221    |     1560    | 1.47859E+03 |     1221    | 5.72152E+01 
 10|  4400  |     1221    |     1521    | 1.45438E+03 |     1221    | 5.18924E+01 
 11|  4800  |     1221    |     1499    | 1.43437E+03 |     1221    | 4.85551E+01 
 12|  5200  |     1221    |     1478    | 1.41976E+03 |     1221    | 4.45039E+01 
 13|  5600  |     1221    |     1460    | 1.40364E+03 |     1221    | 4.27258E+01 
 14|  6000  |     1221    |     1445    | 1.39209E+03 |     1221    | 3.97874E+01 
 15|  6400  |     1221    |     1428    | 1.37949E+03 |     1221    | 3.76726E+01 
 16|  6800  |     1221    |     1415    | 1.37120E+03 |     1221    | 3.55465E+01 
 17|  7200  |     1221    |     1402    | 1.36021E+03 |     1221    | 3.35877E+01 
 18|  7600  |     1156    |     1391    | 1.34910E+03 |     1156    | 3.40396E+01 
 19|  8000  |     1156    |     1375    | 1.33698E+03 |     1156    | 3.67106E+01 
 20|  8400  |     1156    |     1370    | 1.32608E+03 |     1156    | 3.64189E+01 
 21|  8800  |     1156    |     1355    | 1.31291E+03 |     1156    | 3.76633E+01 
 22|  9200  |     1155    |     1345    | 1.30131E+03 |     1155    | 3.75842E+01 
 23|  9600  |     1155    |     1336    | 1.28810E+03 |     1155    | 3.78657E+01 
 24| 10000  |     1155    |     1324    | 1.27622E+03 |     1155    | 3.64355E+01 
 25| 10400  |     1117    |     1308    | 1.26142E+03 |     1117    | 3.61371E+01 
 26| 10800  |     1117    |     1295    | 1.25024E+03 |     1117    | 3.41836E+01 
 27| 11200  |     1117    |     1277    | 1.23545E+03 |     1117    | 3.22029E+01 
 28| 11600  |     1050    |     1259    | 1.22003E+03 |     1050    | 3.20567E+01 
 29| 12000  |     1050    |     1245    | 1.20706E+03 |     1050    | 3.11061E+01 
 30| 12400  |     1050    |     1236    | 1.19541E+03 |     1050    | 2.88723E+01 
 31| 12800  |     1050    |     1218    | 1.18296E+03 |     1050    | 2.60847E+01 
 32| 13200  |     1050    |     1203    | 1.17363E+03 |     1050    | 2.44390E+01 
 33| 13600  |     1050    |     1191    | 1.16260E+03 |     1050    | 2.38307E+01 
 34| 14000  |     1050    |     1183    | 1.15609E+03 |     1050    | 2.32814E+01 
 35| 14400  |     1050    |     1177    | 1.14917E+03 |     1050    | 2.29885E+01 
 36| 14800  |     1050    |     1165    | 1.14058E+03 |     1050    | 2.17581E+01 
 37| 15200  |     1026    |     1159    | 1.13371E+03 |     1026    | 2.16420E+01 
 38| 15600  |     1026    |     1154    | 1.12593E+03 |     1026    | 2.13374E+01 
 39| 16000  |     1026    |     1144    | 1.11783E+03 |     1026    | 2.15092E+01 
 40| 16400  |     1026    |     1136    | 1.11124E+03 |     1026    | 2.05100E+01 
 41| 16800  |     1026    |     1127    | 1.10352E+03 |     1026    | 2.12163E+01 
 42| 17200  |     1026    |     1120    | 1.09587E+03 |     1026    | 2.07550E+01 
 43| 17600  |     1026    |     1115    | 1.09025E+03 |     1026    | 2.00940E+01 
 44| 18000  |     1011    |     1110    | 1.08388E+03 |     1011    | 1.89711E+01 
 45| 18400  |     999     |     1101    | 1.07763E+03 |     999     | 1.78136E+01 
 46| 18800  |     991     |     1093    | 1.07271E+03 |     991     | 1.77088E+01 
 47| 19200  |     986     |     1089    | 1.06676E+03 |     986     | 1.83078E+01 
 48| 19600  |     986     |     1085    | 1.06181E+03 |     986     | 1.73927E+01 
 49| 20000  |     986     |     1081    | 1.05786E+03 |     986     | 1.64107E+01 
 50| 20400  |     986     |     1074    | 1.05323E+03 |     986     | 1.55332E+01 
 51| 20800  |     986     |     1069    | 1.05009E+03 |     986     | 1.52139E+01 
 52| 21200  |     985     |     1064    | 1.04627E+03 |     985     | 1.52285E+01 
 53| 21600  |     985     |     1060    | 1.04329E+03 |     985     | 1.46593E+01 
 54| 22000  |     985     |     1058    | 1.04082E+03 |     985     | 1.46838E+01 
 55| 22400  |     985     |     1052    | 1.03738E+03 |     985     | 1.47428E+01 
 56| 22800  |     985     |     1050    | 1.03421E+03 |     985     | 1.55282E+01 
 57| 23200  |     978     |     1049    | 1.03113E+03 |     978     | 1.58351E+01 
 58| 23600  |     978     |     1047    | 1.02845E+03 |     978     | 1.53435E+01 
 59| 24000  |     973     |     1044    | 1.02609E+03 |     973     | 1.49771E+01 
 60| 24400  |     973     |     1041    | 1.02430E+03 |     973     | 1.43952E+01 
 61| 24800  |     973     |     1039    | 1.02025E+03 |     973     | 1.45002E+01 
 62| 25200  |     973     |     1036    | 1.01729E+03 |     973     | 1.41639E+01 
 63| 25600  |     969     |     1033    | 1.01450E+03 |     969     | 1.42276E+01 
 64| 26000  |     969     |     1030    | 1.01250E+03 |     969     | 1.37426E+01 
 65| 26400  |     969     |     1028    | 1.01066E+03 |     969     | 1.34515E+01 
 66| 26800  |     959     |     1025    | 1.00831E+03 |     959     | 1.32659E+01 
 67| 27200  |     959     |     1024    | 1.00639E+03 |     959     | 1.29331E+01 
 68| 27600  |     959     |     1021    | 1.00411E+03 |     959     | 1.26055E+01 
 69| 28000  |     959     |     1018    | 1.00175E+03 |     959     | 1.19927E+01 
 70| 28400  |     959     |     1016    | 9.99763E+02 |     959     | 1.16278E+01 
 71| 28800  |     955     |     1013    | 9.98180E+02 |     955     | 1.18190E+01 
 72| 29200  |     955     |     1011    | 9.96560E+02 |     955     | 1.13151E+01 
 73| 29600  |     955     |     1010    | 9.94477E+02 |     955     | 1.09025E+01 
 74| 30000  |     955     |     1008    | 9.92970E+02 |     955     | 1.03322E+01 
 75| 30400  |     955     |     1004    | 9.91030E+02 |     955     | 1.02437E+01 
 76| 30800  |     955     |     1002    | 9.89572E+02 |     955     | 9.92823E+00 
 77| 31200  |     955     |     1002    | 9.88308E+02 |     955     | 1.00121E+01 
 78| 31600  |     955     |     1002    | 9.87150E+02 |     955     | 9.63470E+00 
 79| 32000  |     955     |     999     | 9.85898E+02 |     955     | 9.17044E+00 
 80| 32400  |     955     |     996     | 9.84942E+02 |     955     | 9.04153E+00 
 81| 32800  |     955     |     995     | 9.83655E+02 |     955     | 8.68309E+00 
 82| 33200  |     955     |     993     | 9.82300E+02 |     955     | 8.42140E+00 
 83| 33600  |     919     |     992     | 9.80670E+02 |     919     | 8.86037E+00 
 84| 34000  |     919     |     990     | 9.79227E+02 |     919     | 8.84340E+00 
 85| 34400  |     919     |     988     | 9.77560E+02 |     919     | 8.81768E+00 
 86| 34800  |     919     |     986     | 9.76508E+02 |     919     | 8.83657E+00 
 87| 35200  |     919     |     986     | 9.75173E+02 |     919     | 9.09273E+00 
 88| 35600  |     919     |     984     | 9.73970E+02 |     919     | 8.97324E+00 
 89| 36000  |     919     |     983     | 9.72175E+02 |     919     | 9.54984E+00 
 90| 36400  |     919     |     982     | 9.71060E+02 |     919     | 9.42822E+00 
 91| 36800  |     919     |     981     | 9.69850E+02 |     919     | 9.74307E+00 
 92| 37200  |     919     |     980     | 9.68380E+02 |     919     | 1.00352E+01 
 93| 37600  |     919     |     978     | 9.66850E+02 |     919     | 9.79068E+00 
 94| 38000  |     919     |     977     | 9.65505E+02 |     919     | 9.80739E+00 
 95| 38400  |     919     |     975     | 9.64410E+02 |     919     | 9.82277E+00 
 96| 38800  |     919     |     973     | 9.62957E+02 |     919     | 1.01784E+01 
 97| 39200  |     919     |     973     | 9.61562E+02 |     919     | 1.03998E+01 
 98| 39600  |     919     |     971     | 9.59355E+02 |     919     | 1.13452E+01 
 99| 40000  |     914     |     970     | 9.57060E+02 |     914     | 1.19055E+01 
100| 40400  |     914     |     969     | 9.54530E+02 |     914     | 1.18968E+01 
101| 40800  |     908     |     965     | 9.51475E+02 |     908     | 1.16647E+01 
102| 41200  |     908     |     961     | 9.48870E+02 |     908     | 1.17668E+01 
103| 41600  |     908     |     959     | 9.45758E+02 |     908     | 1.21035E+01 
104| 42000  |     908     |     957     | 9.42685E+02 |     908     | 1.19821E+01 
105| 42400  |     908     |     954     | 9.38487E+02 |     908     | 1.18851E+01 
106| 42800  |     908     |     949     | 9.34310E+02 |     908     | 1.08478E+01 
107| 43200  |     908     |     945     | 9.30335E+02 |     908     | 9.83325E+00 
108| 43600  |     908     |     942     | 9.25905E+02 |     908     | 7.51937E+00 
109| 44000  |     908     |     932     | 9.22183E+02 |     908     | 4.63295E+00 
110| 44400  |     906     |     928     | 9.20367E+02 |     906     | 3.19021E+00 
111| 44800  |     906     |     920     | 9.18648E+02 |     906     | 1.45885E+00 
112| 45200  |     906     |     919     | 9.18440E+02 |     906     | 1.80316E+00 
113| 45600  |     902     |     919     | 9.18242E+02 |     902     | 2.06002E+00 
114| 46000  |     902     |     919     | 9.17908E+02 |     902     | 2.48776E+00 
115| 46400  |     902     |     919     | 9.17658E+02 |     902     | 2.73317E+00 
116| 46800  |     902     |     919     | 9.17180E+02 |     902     | 3.10123E+00 
117| 47200  |     902     |     919     | 9.16572E+02 |     902     | 3.37635E+00 
118| 47600  |     900     |     919     | 9.16028E+02 |     900     | 3.64235E+00 
119| 48000  |     885     |     919     | 9.15173E+02 |     885     | 4.09667E+00 
120| 48400  |     885     |     919     | 9.14435E+02 |     885     | 4.01445E+00 
121| 48800  |     884     |     916     | 9.13500E+02 |     884     | 4.33532E+00 
122| 49200  |     884     |     916     | 9.12622E+02 |     884     | 5.18941E+00 
123| 49600  |     884     |     916     | 9.12072E+02 |     884     | 5.20214E+00 
124| 50000  |     884     |     916     | 9.10722E+02 |     884     | 5.48457E+00 
125| 50400  |     884     |     915     | 9.09638E+02 |     884     | 5.67636E+00 
126| 50800  |     884     |     915     | 9.08235E+02 |     884     | 5.74237E+00 
127| 51200  |     884     |     914     | 9.06645E+02 |     884     | 5.70123E+00 
128| 51600  |     884     |     911     | 9.04960E+02 |     884     | 5.66510E+00 
129| 52000  |     884     |     909     | 9.03510E+02 |     884     | 5.83009E+00 
130| 52400  |     884     |     909     | 9.02445E+02 |     884     | 5.64553E+00 
131| 52800  |     884     |     907     | 9.00857E+02 |     884     | 5.78681E+00 
132| 53200  |     884     |     906     | 8.99077E+02 |     884     | 5.88315E+00 
133| 53600  |     876     |     904     | 8.97030E+02 |     876     | 5.96608E+00 
134| 54000  |     876     |     902     | 8.95625E+02 |     876     | 5.61866E+00 
135| 54400  |     876     |     900     | 8.94160E+02 |     876     | 5.59280E+00 
136| 54800  |     876     |     900     | 8.92528E+02 |     876     | 5.37348E+00 
137| 55200  |     876     |     900     | 8.90530E+02 |     876     | 4.54193E+00 
138| 55600  |     876     |     894     | 8.89048E+02 |     876     | 3.92431E+00 
139| 56000  |     873     |     893     | 8.87530E+02 |     873     | 3.79725E+00 
140| 56400  |     873     |     891     | 8.85712E+02 |     873     | 2.65421E+00 
141| 56800  |     873     |     889     | 8.84482E+02 |     873     | 1.72907E+00 
142| 57200  |     873     |     884     | 8.83842E+02 |     873     | 1.08060E+00 
143| 57600  |     873     |     884     | 8.83773E+02 |     873     | 1.24529E+00 
144| 58000  |     873     |     884     | 8.83758E+02 |     873     | 1.26834E+00 
145| 58400  |     873     |     884     | 8.83607E+02 |     873     | 1.62894E+00 
146| 58800  |     873     |     884     | 8.83430E+02 |     873     | 1.98119E+00 
147| 59200  |     873     |     884     | 8.83202E+02 |     873     | 2.24087E+00 
148| 59600  |     873     |     884     | 8.82997E+02 |     873     | 2.43362E+00 
149| 60000  |     873     |     884     | 8.82572E+02 |     873     | 2.79101E+00 
150| 60400  |     873     |     884     | 8.82153E+02 |     873     | 3.06011E+00 
151| 60800  |     873     |     884     | 8.81465E+02 |     873     | 3.35913E+00 
152| 61200  |     873     |     884     | 8.80548E+02 |     873     | 3.47818E+00 
153| 61600  |     873     |     884     | 8.79445E+02 |     873     | 3.29727E+00 
154| 62000  |     873     |     884     | 8.78342E+02 |     873     | 2.58557E+00 
155| 62400  |     873     |     879     | 8.77655E+02 |     873     | 2.36769E+00 
156| 62800  |     859     |     879     | 8.77110E+02 |     859     | 2.77901E+00 
157| 63200  |     859     |     879     | 8.76658E+02 |     859     | 2.88967E+00 
158| 63600  |     857     |     879     | 8.76067E+02 |     857     | 3.18087E+00 
159| 64000  |     857     |     879     | 8.75217E+02 |     857     | 3.24657E+00 
160| 64400  |     852     |     879     | 8.74158E+02 |     852     | 3.25234E+00 
161| 64800  |     852     |     879     | 8.73070E+02 |     852     | 3.20002E+00 
162| 65200  |     852     |     876     | 8.72322E+02 |     852     | 3.34642E+00 
163| 65600  |     852     |     873     | 8.71890E+02 |     852     | 3.82726E+00 
164| 66000  |     851     |     873     | 8.71447E+02 |     851     | 4.47462E+00 
165| 66400  |     845     |     873     | 8.70825E+02 |     845     | 5.27630E+00 
166| 66800  |     845     |     873     | 8.70018E+02 |     845     | 6.18241E+00 
167| 67200  |     845     |     873     | 8.68683E+02 |     845     | 6.96719E+00 
168| 67600  |     845     |     873     | 8.67242E+02 |     845     | 7.47654E+00 
169| 68000  |     845     |     873     | 8.65222E+02 |     845     | 7.75680E+00 
170| 68400  |     845     |     873     | 8.63590E+02 |     845     | 7.56022E+00 
171| 68800  |     845     |     873     | 8.61077E+02 |     845     | 6.82470E+00 
172| 69200  |     845     |     869     | 8.58622E+02 |     845     | 5.34836E+00 
173| 69600  |     845     |     864     | 8.56975E+02 |     845     | 4.44909E+00 
174| 70000  |     845     |     862     | 8.55450E+02 |     845     | 4.17522E+00 
175| 70400  |     845     |     859     | 8.54273E+02 |     845     | 3.69232E+00 
176| 70800  |     845     |     857     | 8.53310E+02 |     845     | 3.70660E+00 
177| 71200  |     845     |     857     | 8.52310E+02 |     845     | 3.63441E+00 
178| 71600  |     845     |     856     | 8.51445E+02 |     845     | 3.46294E+00 
179| 72000  |     845     |     856     | 8.50595E+02 |     845     | 3.16164E+00 
180| 72400  |     845     |     853     | 8.49668E+02 |     845     | 2.77704E+00 
181| 72800  |     845     |     852     | 8.49175E+02 |     845     | 2.76123E+00 
182| 73200  |     845     |     851     | 8.48585E+02 |     845     | 2.78258E+00 
183| 73600  |     845     |     851     | 8.47880E+02 |     845     | 2.80546E+00 
184| 74000  |     845     |     851     | 8.47140E+02 |     845     | 2.61255E+00 
185| 74400  |     843     |     851     | 8.46465E+02 |     843     | 2.26358E+00 
186| 74800  |     843     |     851     | 8.45810E+02 |     843     | 1.57445E+00 
187| 75200  |     843     |     848     | 8.45247E+02 |     843     | 6.90104E-01 
188| 75600  |     843     |     846     | 8.45010E+02 |     843     | 2.34307E-01 
189| 76000  |     843     |     845     | 8.44985E+02 |     843     | 1.72554E-01 
190| 76400  |     843     |     845     | 8.44980E+02 |     843     | 1.98997E-01 
191| 76800  |     843     |     845     | 8.44970E+02 |     843     | 2.43105E-01 
192| 77200  |     843     |     845     | 8.44965E+02 |     843     | 2.62250E-01 
193| 77600  |     843     |     845     | 8.44965E+02 |     843     | 2.62250E-01 
194| 78000  |     843     |     845     | 8.44960E+02 |     843     | 2.80000E-01 
195| 78400  |     843     |     845     | 8.44945E+02 |     843     | 3.27070E-01 
196| 78800  |     843     |     845     | 8.44930E+02 |     843     | 3.67560E-01 
197| 79200  |     843     |     845     | 8.44920E+02 |     843     | 3.91918E-01 
198| 79600  |     843     |     845     | 8.44910E+02 |     843     | 4.14608E-01 
199| 80000  |     843     |     845     | 8.44890E+02 |     843     | 4.55961E-01 
200| 80400  |     843     |     845     | 8.44870E+02 |     843     | 4.93052E-01 
201| 80800  |     843     |     845     | 8.44850E+02 |     843     | 5.26783E-01 
202| 81200  |     843     |     845     | 8.44835E+02 |     843     | 5.50250E-01 
203| 81600  |     843     |     845     | 8.44820E+02 |     843     | 5.72364E-01 
204| 82000  |     843     |     845     | 8.44770E+02 |     843     | 6.38044E-01 
205| 82400  |     843     |     845     | 8.44715E+02 |     843     | 6.99124E-01 
206| 82800  |     843     |     845     | 8.44675E+02 |     843     | 7.37818E-01 
207| 83200  |     843     |     845     | 8.44560E+02 |     843     | 8.28493E-01 
208| 83600  |     843     |     845     | 8.44408E+02 |     843     | 9.11835E-01 
209| 84000  |     843     |     845     | 8.44247E+02 |     843     | 9.67597E-01 
210| 84400  |     843     |     845     | 8.44008E+02 |     843     | 9.98721E-01 
211| 84800  |     843     |     845     | 8.43712E+02 |     843     | 9.56475E-01 
212| 85200  |     843     |     845     | 8.43345E+02 |     843     | 7.52313E-01 
213| 85600  |     843     |     843     | 8.43000E+02 |     843     | 0.00000E+00 
214| 86000  |     843     |     843     | 8.43000E+02 |     843     | 0.00000E+00 
215| 86400  |     843     |     843     | 8.43000E+02 |     843     | 0.00000E+00 
216| 86800  |     843     |     843     | 8.43000E+02 |     843     | 0.00000E+00 
217| 87200  |     843     |     843     | 8.43000E+02 |     843     | 0.00000E+00 
218| 87600  |     843     |     843     | 8.43000E+02 |     843     | 0.00000E+00 
219| 88000  |     843     |     843     | 8.43000E+02 |     843     | 0.00000E+00 
220| 88400  |     843     |     843     | 8.43000E+02 |     843     | 0.00000E+00 
221| 88800  |     843     |     843     | 8.43000E+02 |     843     | 0.00000E+00 
222| 89200  |     843     |     843     | 8.43000E+02 |     843     | 0.00000E+00 
223| 89600  |     843     |     843     | 8.43000E+02 |     843     | 0.00000E+00 
224| 90000  |     843     |     843     | 8.43000E+02 |     843     | 0.00000E+00 
225| 90400  |     843     |     843     | 8.43000E+02 |     843     | 0.00000E+00 
226| 90800  |     843     |     843     | 8.43000E+02 |     843     | 0.00000E+00 
227| 91200  |     843     |     843     | 8.43000E+02 |     843     | 0.00000E+00 
228| 91600  |     843     |     843     | 8.43000E+02 |     843     | 0.00000E+00 
229| 92000  |     843     |     843     | 8.43000E+02 |     843     | 0.00000E+00 
230| 92400  |     843     |     843     | 8.43000E+02 |     843     | 0.00000E+00 
231| 92800  |     843     |     843     | 8.43000E+02 |     843     | 0.00000E+00 
232| 93200  |     843     |     843     | 8.43000E+02 |     843     | 0.00000E+00 
233| 93600  |     843     |     843     | 8.43000E+02 |     843     | 0.00000E+00 
234| 94000  |     843     |     843     | 8.43000E+02 |     843     | 0.00000E+00 
235| 94400  |     843     |     843     | 8.43000E+02 |     843     | 0.00000E+00 
236| 94800  |     843     |     843     | 8.43000E+02 |     843     | 0.00000E+00 
237| 95200  |     843     |     843     | 8.43000E+02 |     843     | 0.00000E+00 
238| 95600  |     843     |     843     | 8.43000E+02 |     843     | 0.00000E+00 
239| 96000  |     843     |     843     | 8.43000E+02 |     843     | 0.00000E+00 
240| 96400  |     843     |     843     | 8.43000E+02 |     843     | 0.00000E+00 
241| 96800  |     843     |     843     | 8.43000E+02 |     843     | 0.00000E+00 
242| 97200  |     843     |     843     | 8.43000E+02 |     843     | 0.00000E+00 
243| 97600  |     843     |     843     | 8.43000E+02 |     843     | 0.00000E+00 
244| 98000  |     843     |     843     | 8.43000E+02 |     843     | 0.00000E+00 
245| 98400  |     843     |     843     | 8.43000E+02 |     843     | 0.00000E+00 
246| 98800  |     843     |     843     | 8.43000E+02 |     843     | 0.00000E+00 
247| 99200  |     843     |     843     | 8.43000E+02 |     843     | 0.00000E+00 
248| 99600  |     843     |     843     | 8.43000E+02 |     843     | 0.00000E+00 
249| 100000 |     843     |     843     | 8.43000E+02 |     843     | 0.00000E+00 
250| 100400 |     843     |     843     | 8.43000E+02 |     843     | 0.00000E+00 
251| 100800 |     843     |     843     | 8.43000E+02 |     843     | 0.00000E+00 
252| 101200 |     843     |     843     | 8.43000E+02 |     843     | 0.00000E+00 
253| 101600 |     843     |     843     | 8.43000E+02 |     843     | 0.00000E+00 
254| 102000 |     843     |     843     | 8.43000E+02 |     843     | 0.00000E+00 
255| 102400 |     843     |     843     | 8.43000E+02 |     843     | 0.00000E+00 
256| 102800 |     843     |     843     | 8.43000E+02 |     843     | 0.00000E+00 
257| 103200 |     843     |     843     | 8.43000E+02 |     843     | 0.00000E+00 
258| 103600 |     843     |     843     | 8.43000E+02 |     843     | 0.00000E+00 
259| 104000 |     843     |     843     | 8.43000E+02 |     843     | 0.00000E+00 
260| 104400 |     843     |     843     | 8.43000E+02 |     843     | 0.00000E+00 
261| 104800 |     843     |     843     | 8.43000E+02 |     843     | 0.00000E+00 
262| 105200 |     843     |     843     | 8.43000E+02 |     843     | 0.00000E+00 
263| 105600 |     843     |     843     | 8.43000E+02 |     843     | 0.00000E+00 
264| 106000 |     843     |     843     | 8.43000E+02 |     843     | 0.00000E+00 
265| 106400 |     843     |     843     | 8.43000E+02 |     843     | 0.00000E+00 
266| 106800 |     843     |     843     | 8.43000E+02 |     843     | 0.00000E+00 
267| 107200 |     843     |     843     | 8.43000E+02 |     843     | 0.00000E+00 
268| 107600 |     843     |     843     | 8.43000E+02 |     843     | 0.00000E+00 
269| 108000 |     843     |     843     | 8.43000E+02 |     843     | 0.00000E+00 
270| 108400 |     843     |     843     | 8.43000E+02 |     843     | 0.00000E+00 
271| 108800 |     843     |     843     | 8.43000E+02 |     843     | 0.00000E+00 
272| 109200 |     843     |     843     | 8.43000E+02 |     843     | 0.00000E+00 
273| 109600 |     843     |     843     | 8.43000E+02 |     843     | 0.00000E+00 
274| 110000 |     843     |     843     | 8.43000E+02 |     843     | 0.00000E+00 
275| 110400 |     843     |     843     | 8.43000E+02 |     843     | 0.00000E+00 
276| 110800 |     843     |     843     | 8.43000E+02 |     843     | 0.00000E+00 
277| 111200 |     843     |     843     | 8.43000E+02 |     843     | 0.00000E+00 
278| 111600 |     843     |     843     | 8.43000E+02 |     843     | 0.00000E+00 
279| 112000 |     843     |     843     | 8.43000E+02 |     843     | 0.00000E+00 
280| 112400 |     843     |     843     | 8.43000E+02 |     843     | 0.00000E+00 
281| 112800 |     843     |     843     | 8.43000E+02 |     843     | 0.00000E+00 
282| 113200 |     843     |     843     | 8.43000E+02 |     843     | 0.00000E+00 
283| 113600 |     843     |     843     | 8.43000E+02 |     843     | 0.00000E+00 
284| 114000 |     843     |     843     | 8.43000E+02 |     843     | 0.00000E+00 
285| 114400 |     843     |     843     | 8.43000E+02 |     843     | 0.00000E+00 
286| 114800 |     843     |     843     | 8.43000E+02 |     843     | 0.00000E+00 
种群信息导出完毕。
评价次数：114800
时间已过 103.2748749256134 秒
最小的救援时间为：843
最优的救援方案为：
第1辆车的救援路线：车库→受灾点21→避难所26→受灾点6→避难所34→受灾点5→避难所35→救援结束
第2辆车的救援路线：车库→受灾点16→避难所32→救援结束
第3辆车的救援路线：车库→受灾点15→避难所28→受灾点21→避难所45→受灾点10→避难所38→救援结束
第4辆车的救援路线：车库→受灾点13→避难所34→受灾点13→避难所31→受灾点13→避难所42→救援结束
第5辆车的救援路线：车库→受灾点16→避难所41→救援结束
第6辆车的救援路线：车库→受灾点13→避难所34→受灾点1→避难所30→受灾点13→避难所38→受灾点5→避难所40→受灾点19→避难所34→救援结束
第7辆车的救援路线：车库→受灾点17→避难所32→受灾点8→避难所39→受灾点13→避难所34→受灾点18→避难所34→救援结束
第8辆车的救援路线：车库→受灾点18→避难所42→受灾点2→避难所23→受灾点14→避难所23→救援结束
第9辆车的救援路线：车库→受灾点10→避难所32→受灾点6→避难所34→受灾点11→避难所32→受灾点10→避难所42→救援结束
第10辆车的救援路线：车库→受灾点13→避难所45→受灾点6→避难所34→救援结束
第11辆车的救援路线：车库→受灾点11→避难所32→受灾点5→避难所40→受灾点22→避难所34→救援结束
第12辆车的救援路线：车库→受灾点16→避难所46→受灾点16→避难所41→受灾点11→避难所32→救援结束
第13辆车的救援路线：车库→受灾点16→避难所29→受灾点16→避难所32→救援结束
第14辆车的救援路线：车库→受灾点7→避难所32→受灾点9→避难所38→救援结束
第15辆车的救援路线：车库→受灾点13→避难所34→受灾点11→避难所27→受灾点13→避难所38→救援结束
第16辆车的救援路线：车库→受灾点5→避难所30→受灾点16→避难所34→受灾点11→避难所34→受灾点16→避难所35→救援结束
第17辆车的救援路线：车库→受灾点18→避难所34→救援结束
第18辆车的救援路线：车库→受灾点19→避难所34→救援结束
第19辆车的救援路线：车库→受灾点22→避难所42→受灾点10→避难所26→受灾点18→避难所26→受灾点18→避难所26→救援结束
第20辆车的救援路线：车库→受灾点13→避难所35→受灾点13→避难所40→救援结束
第21辆车的救援路线：车库→受灾点13→避难所23→受灾点18→避难所34→救援结束
第22辆车的救援路线：车库→受灾点13→避难所42→受灾点16→避难所32→受灾点20→避难所34→救援结束
第23辆车的救援路线：车库→受灾点16→避难所38→救援结束
第24辆车的救援路线：车库→受灾点11→避难所32→救援结束
第25辆车的救援路线：车库→受灾点5→避难所34→受灾点13→避难所45→受灾点5→避难所26→受灾点4→避难所34→受灾点7→避难所40→救援结束
第26辆车的救援路线：车库→受灾点16→避难所40→受灾点5→避难所34→受灾点16→避难所30→救援结束
第27辆车的救援路线：车库→受灾点7→避难所32→受灾点20→避难所45→受灾点2→避难所34→受灾点13→避难所38→救援结束
第28辆车的救援路线：车库→受灾点16→避难所34→受灾点16→避难所35→救援结束
第29辆车的救援路线：车库→受灾点11→避难所37→受灾点11→避难所42→受灾点13→避难所34→受灾点16→避难所34→救援结束
第30辆车的救援路线：车库→受灾点16→避难所41→受灾点6→避难所25→受灾点20→避难所34→救援结束
第31辆车的救援路线：车库→受灾点16→避难所27→受灾点7→避难所38→受灾点7→避难所42→受灾点10→避难所32→救援结束
第32辆车的救援路线：车库→受灾点15→避难所44→受灾点2→避难所45→救援结束
第33辆车的救援路线：车库→受灾点21→避难所46→受灾点16→避难所45→受灾点11→避难所30→受灾点13→避难所32→救援结束
第34辆车的救援路线：车库→受灾点16→避难所34→受灾点20→避难所37→救援结束
第35辆车的救援路线：车库→受灾点10→避难所34→受灾点5→避难所41→受灾点3→避难所41→救援结束
第36辆车的救援路线：车库→受灾点11→避难所34→受灾点16→避难所34→受灾点5→避难所32→受灾点14→避难所37→救援结束
第37辆车的救援路线：车库→受灾点2→避难所35→受灾点8→避难所45→受灾点18→避难所44→救援结束
第38辆车的救援路线：车库→受灾点16→避难所37→受灾点10→避难所34→受灾点16→避难所27→救援结束
第39辆车的救援路线：车库→受灾点16→避难所34→受灾点11→避难所37→受灾点18→避难所34→受灾点5→避难所40→救援结束
第40辆车的救援路线：车库→受灾点15→避难所43→救援结束
第41辆车的救援路线：车库→受灾点18→避难所34→受灾点18→避难所32→受灾点16→避难所35→救援结束
第42辆车的救援路线：车库→受灾点10→避难所34→受灾点16→避难所42→受灾点2→避难所34→受灾点18→避难所34→救援结束
第43辆车的救援路线：车库→受灾点5→避难所34→受灾点1→避难所26→受灾点1→避难所26→受灾点11→避难所34→受灾点7→避难所45→受灾点5→避难所34→救援结束
第44辆车的救援路线：车库→受灾点14→避难所32→受灾点10→避难所34→救援结束
第45辆车的救援路线：车库→受灾点7→避难所34→救援结束
第46辆车的救援路线：车库→受灾点16→避难所35→救援结束
第47辆车的救援路线：车库→受灾点6→避难所34→受灾点3→避难所32→受灾点5→避难所32→受灾点2→避难所34→受灾点6→避难所31→救援结束
第48辆车的救援路线：车库→受灾点11→避难所45→受灾点12→避难所45→受灾点14→避难所32→受灾点21→避难所42→救援结束
第49辆车的救援路线：车库→受灾点21→避难所34→救援结束
第50辆车的救援路线：车库→受灾点7→避难所35→受灾点16→避难所34→受灾点11→避难所34→救援结束