===================================================================================
gen |  eval  |    f_opt    |    f_max    |    f_avg    |    f_min    |    f_std    
-----------------------------------------------------------------------------------
 0  | 100000 |     744     |     1099    | 8.87920E+02 |     744     | 3.93017E+01 
 1  | 200000 |     744     |     881     | 8.52612E+02 |     744     | 2.07708E+01 
 2  | 300000 |     736     |     856     | 8.33689E+02 |     736     | 1.71730E+01 
 3  | 400000 |     711     |     841     | 8.20586E+02 |     711     | 1.55306E+01 
 4  | 500000 |     711     |     829     | 8.10241E+02 |     711     | 1.44514E+01 
 5  | 600000 |     711     |     819     | 8.01712E+02 |     711     | 1.36053E+01 
 6  | 700000 |     711     |     811     | 7.94363E+02 |     711     | 1.29209E+01 
 7  | 800000 |     707     |     804     | 7.87889E+02 |     707     | 1.23838E+01 
 8  | 900000 |     699     |     797     | 7.82163E+02 |     699     | 1.20437E+01 
 9  |1000000 |     699     |     792     | 7.76808E+02 |     699     | 1.16573E+01 
 10 |1100000 |     684     |     787     | 7.71903E+02 |     684     | 1.13070E+01 
 11 |1200000 |     684     |     781     | 7.67406E+02 |     684     | 1.09928E+01 
 12 |1300000 |     684     |     777     | 7.63290E+02 |     684     | 1.07311E+01 
 13 |1400000 |     674     |     773     | 7.59350E+02 |     674     | 1.05183E+01 
 14 |1500000 |     674     |     769     | 7.55737E+02 |     674     | 1.03375E+01 
 15 |1600000 |     674     |     765     | 7.52341E+02 |     674     | 1.02110E+01 
 16 |1700000 |     674     |     762     | 7.49057E+02 |     674     | 1.00926E+01 
 17 |1800000 |     674     |     759     | 7.45895E+02 |     674     | 9.96694E+00 
 18 |1900000 |     674     |     756     | 7.42823E+02 |     674     | 9.79962E+00 
 19 |2000000 |     674     |     752     | 7.39913E+02 |     674     | 9.67225E+00 
 20 |2100000 |     673     |     750     | 7.37074E+02 |     673     | 9.53051E+00 
 21 |2200000 |     673     |     746     | 7.34369E+02 |     673     | 9.41795E+00 
 22 |2300000 |     673     |     744     | 7.31792E+02 |     673     | 9.33303E+00 
 23 |2400000 |     671     |     741     | 7.29275E+02 |     671     | 9.28371E+00 
 24 |2500000 |     671     |     739     | 7.26852E+02 |     671     | 9.21501E+00 
 25 |2600000 |     664     |     736     | 7.24486E+02 |     664     | 9.13276E+00 
 26 |2700000 |     664     |     734     | 7.22199E+02 |     664     | 9.04820E+00 
 27 |2800000 |     655     |     732     | 7.19897E+02 |     655     | 8.92036E+00 
 28 |2900000 |     655     |     729     | 7.17640E+02 |     655     | 8.75041E+00 
 29 |3000000 |     655     |     727     | 7.15513E+02 |     655     | 8.59389E+00 
 30 |3100000 |     655     |     725     | 7.13431E+02 |     655     | 8.46458E+00 
 31 |3200000 |     653     |     722     | 7.11376E+02 |     653     | 8.34043E+00 
 32 |3300000 |     653     |     720     | 7.09424E+02 |     653     | 8.21375E+00 
 33 |3400000 |     653     |     718     | 7.07505E+02 |     653     | 8.10050E+00 
 34 |3500000 |     653     |     716     | 7.05662E+02 |     653     | 8.00341E+00 
 35 |3600000 |     653     |     714     | 7.03878E+02 |     653     | 7.91646E+00 
 36 |3700000 |     642     |     712     | 7.02134E+02 |     642     | 7.85653E+00 
 37 |3800000 |     642     |     710     | 7.00421E+02 |     642     | 7.81991E+00 
 38 |3900000 |     642     |     709     | 6.98766E+02 |     642     | 7.81063E+00 
 39 |4000000 |     642     |     707     | 6.97109E+02 |     642     | 7.76994E+00 
 40 |4100000 |     642     |     706     | 6.95509E+02 |     642     | 7.70693E+00 
 41 |4200000 |     642     |     704     | 6.93895E+02 |     642     | 7.66596E+00 
 42 |4300000 |     642     |     702     | 6.92361E+02 |     642     | 7.59358E+00 
 43 |4400000 |     642     |     701     | 6.90828E+02 |     642     | 7.50854E+00 
 44 |4500000 |     642     |     699     | 6.89323E+02 |     642     | 7.45292E+00 
 45 |4600000 |     642     |     698     | 6.87833E+02 |     642     | 7.37537E+00 
 46 |4700000 |     638     |     696     | 6.86398E+02 |     638     | 7.29480E+00 
 47 |4800000 |     638     |     695     | 6.84970E+02 |     638     | 7.20281E+00 
 48 |4900000 |     638     |     693     | 6.83538E+02 |     638     | 7.11339E+00 
 49 |5000000 |     638     |     692     | 6.82221E+02 |     638     | 7.02500E+00 
 50 |5100000 |     638     |     690     | 6.80890E+02 |     638     | 6.94770E+00 
 51 |5200000 |     638     |     689     | 6.79619E+02 |     638     | 6.88704E+00 
 52 |5300000 |     633     |     688     | 6.78356E+02 |     633     | 6.83348E+00 
 53 |5400000 |     633     |     686     | 6.77096E+02 |     633     | 6.80049E+00 
 54 |5500000 |     633     |     685     | 6.75877E+02 |     633     | 6.76794E+00 
 55 |5600000 |     632     |     684     | 6.74655E+02 |     632     | 6.70775E+00 
 56 |5700000 |     626     |     683     | 6.73445E+02 |     626     | 6.65393E+00 
 57 |5800000 |     626     |     681     | 6.72275E+02 |     626     | 6.63810E+00 
 58 |5900000 |     626     |     680     | 6.71146E+02 |     626     | 6.62427E+00 
 59 |6000000 |     626     |     679     | 6.70042E+02 |     626     | 6.60000E+00 
 60 |6100000 |     626     |     678     | 6.68961E+02 |     626     | 6.59641E+00 
 61 |6200000 |     626     |     677     | 6.67860E+02 |     626     | 6.59475E+00 
 62 |6300000 |     624     |     675     | 6.66761E+02 |     624     | 6.58260E+00 
 63 |6400000 |     624     |     674     | 6.65696E+02 |     624     | 6.55990E+00 
 64 |6500000 |     620     |     674     | 6.64603E+02 |     620     | 6.50234E+00 
 65 |6600000 |     620     |     672     | 6.63568E+02 |     620     | 6.44055E+00 
 66 |6700000 |     620     |     671     | 6.62518E+02 |     620     | 6.37081E+00 
 67 |6800000 |     618     |     671     | 6.61484E+02 |     618     | 6.28101E+00 
 68 |6900000 |     618     |     669     | 6.60445E+02 |     618     | 6.16036E+00 
 69 |7000000 |     618     |     668     | 6.59437E+02 |     618     | 6.02885E+00 
 70 |7100000 |     618     |     667     | 6.58478E+02 |     618     | 5.91828E+00 
 71 |7200000 |     618     |     666     | 6.57529E+02 |     618     | 5.80814E+00 
 72 |7300000 |     618     |     665     | 6.56609E+02 |     618     | 5.69803E+00 
 73 |7400000 |     618     |     664     | 6.55712E+02 |     618     | 5.61554E+00 
 74 |7500000 |     618     |     663     | 6.54810E+02 |     618     | 5.53599E+00 
 75 |7600000 |     612     |     662     | 6.53963E+02 |     612     | 5.50021E+00 
 76 |7700000 |     612     |     661     | 6.53141E+02 |     612     | 5.49307E+00 
 77 |7800000 |     612     |     660     | 6.52334E+02 |     612     | 5.47146E+00 
 78 |7900000 |     612     |     659     | 6.51548E+02 |     612     | 5.45846E+00 
 79 |8000000 |     612     |     658     | 6.50775E+02 |     612     | 5.47250E+00 
 80 |8100000 |     612     |     657     | 6.49990E+02 |     612     | 5.46477E+00 
 81 |8200000 |     612     |     656     | 6.49190E+02 |     612     | 5.47135E+00 
 82 |8300000 |     612     |     656     | 6.48425E+02 |     612     | 5.48792E+00 
 83 |8400000 |     612     |     655     | 6.47659E+02 |     612     | 5.51291E+00 
 84 |8500000 |     612     |     654     | 6.46880E+02 |     612     | 5.53935E+00 
 85 |8600000 |     612     |     653     | 6.46091E+02 |     612     | 5.55182E+00 
 86 |8700000 |     612     |     653     | 6.45324E+02 |     612     | 5.55757E+00 
 87 |8800000 |     612     |     652     | 6.44555E+02 |     612     | 5.57076E+00 
 88 |8900000 |     612     |     651     | 6.43772E+02 |     612     | 5.58888E+00 
 89 |9000000 |     612     |     650     | 6.42994E+02 |     612     | 5.60072E+00 
 90 |9100000 |     607     |     650     | 6.42211E+02 |     607     | 5.59520E+00 
 91 |9200000 |     607     |     649     | 6.41442E+02 |     607     | 5.57068E+00 
 92 |9300000 |     607     |     648     | 6.40647E+02 |     607     | 5.51684E+00 
 93 |9400000 |     607     |     648     | 6.39857E+02 |     607     | 5.47976E+00 
 94 |9500000 |     607     |     647     | 6.39075E+02 |     607     | 5.40916E+00 
 95 |9600000 |     607     |     646     | 6.38287E+02 |     607     | 5.35022E+00 
 96 |9700000 |     607     |     645     | 6.37527E+02 |     607     | 5.31093E+00 
 97 |9800000 |     607     |     644     | 6.36782E+02 |     607     | 5.28359E+00 
 98 |9900000 |     607     |     643     | 6.36015E+02 |     607     | 5.25598E+00 
 99 |10000000|     604     |     642     | 6.35278E+02 |     604     | 5.24235E+00 
100 |10100000|     604     |     642     | 6.34544E+02 |     604     | 5.22140E+00 
101 |10200000|     604     |     641     | 6.33773E+02 |     604     | 5.17476E+00 
102 |10300000|     604     |     640     | 6.32992E+02 |     604     | 5.09526E+00 
103 |10400000|     604     |     639     | 6.32223E+02 |     604     | 5.02435E+00 
104 |10500000|     604     |     638     | 6.31481E+02 |     604     | 4.98073E+00 
105 |10600000|     604     |     638     | 6.30735E+02 |     604     | 4.93535E+00 
106 |10700000|     604     |     637     | 6.29926E+02 |     604     | 4.82451E+00 
107 |10800000|     604     |     637     | 6.29143E+02 |     604     | 4.68257E+00 
108 |10900000|     602     |     636     | 6.28336E+02 |     602     | 4.54513E+00 
109 |11000000|     602     |     635     | 6.27512E+02 |     602     | 4.36748E+00 
110 |11100000|     596     |     633     | 6.26744E+02 |     596     | 4.23868E+00 
111 |11200000|     596     |     632     | 6.26036E+02 |     596     | 4.12690E+00 
112 |11300000|     596     |     631     | 6.25341E+02 |     596     | 4.05330E+00 
113 |11400000|     596     |     631     | 6.24664E+02 |     596     | 3.96330E+00 
114 |11500000|     596     |     630     | 6.23998E+02 |     596     | 3.89700E+00 
115 |11600000|     596     |     629     | 6.23355E+02 |     596     | 3.82331E+00 
116 |11700000|     596     |     629     | 6.22725E+02 |     596     | 3.71447E+00 
117 |11800000|     596     |     628     | 6.22090E+02 |     596     | 3.60924E+00 
118 |11900000|     596     |     627     | 6.21498E+02 |     596     | 3.54679E+00 
119 |12000000|     596     |     626     | 6.20957E+02 |     596     | 3.54015E+00 
120 |12100000|     595     |     626     | 6.20382E+02 |     595     | 3.47809E+00 
121 |12200000|     595     |     625     | 6.19821E+02 |     595     | 3.46964E+00 
122 |12300000|     595     |     624     | 6.19230E+02 |     595     | 3.44495E+00 
123 |12400000|     595     |     623     | 6.18669E+02 |     595     | 3.47805E+00 
124 |12500000|     595     |     622     | 6.18134E+02 |     595     | 3.59508E+00 
125 |12600000|     595     |     622     | 6.17529E+02 |     595     | 3.70181E+00 
126 |12700000|     595     |     622     | 6.16802E+02 |     595     | 3.75238E+00 
127 |12800000|     595     |     621     | 6.16066E+02 |     595     | 3.79712E+00 
128 |12900000|     595     |     620     | 6.15309E+02 |     595     | 3.85878E+00 
129 |13000000|     592     |     620     | 6.14452E+02 |     592     | 3.81650E+00 
130 |13100000|     592     |     619     | 6.13568E+02 |     592     | 3.70526E+00 
131 |13200000|     592     |     618     | 6.12691E+02 |     592     | 3.58041E+00 
132 |13300000|     592     |     618     | 6.11776E+02 |     592     | 3.33422E+00 
133 |13400000|     589     |     616     | 6.10923E+02 |     589     | 3.11834E+00 
134 |13500000|     589     |     614     | 6.10171E+02 |     589     | 3.02148E+00 
135 |13600000|     589     |     614     | 6.09476E+02 |     589     | 3.03060E+00 
136 |13700000|     589     |     613     | 6.08780E+02 |     589     | 3.08099E+00 
137 |13800000|     589     |     612     | 6.08054E+02 |     589     | 3.12544E+00 
138 |13900000|     589     |     611     | 6.07352E+02 |     589     | 3.23449E+00 
139 |14000000|     589     |     610     | 6.06698E+02 |     589     | 3.43195E+00 
140 |14100000|     589     |     610     | 6.05951E+02 |     589     | 3.58636E+00 
141 |14200000|     589     |     610     | 6.05095E+02 |     589     | 3.63523E+00 
142 |14300000|     589     |     609     | 6.04168E+02 |     589     | 3.61000E+00 
143 |14400000|     589     |     608     | 6.03258E+02 |     589     | 3.63035E+00 
144 |14500000|     589     |     607     | 6.02345E+02 |     589     | 3.57140E+00 
145 |14600000|     589     |     607     | 6.01371E+02 |     589     | 3.37299E+00 
146 |14700000|     587     |     606     | 6.00413E+02 |     587     | 3.06028E+00 
147 |14800000|     585     |     604     | 5.99531E+02 |     585     | 2.65372E+00 
148 |14900000|     585     |     604     | 5.98772E+02 |     585     | 2.26563E+00 
149 |15000000|     585     |     602     | 5.98070E+02 |     585     | 1.80170E+00 
150 |15100000|     585     |     600     | 5.97502E+02 |     585     | 1.48163E+00 
151 |15200000|     582     |     599     | 5.97110E+02 |     582     | 1.43358E+00 
152 |15300000|     582     |     598     | 5.96728E+02 |     582     | 1.37819E+00 
153 |15400000|     582     |     598     | 5.96438E+02 |     582     | 1.40333E+00 
154 |15500000|     582     |     598     | 5.96141E+02 |     582     | 1.39076E+00 
155 |15600000|     582     |     598     | 5.95842E+02 |     582     | 1.33095E+00 
156 |15700000|     582     |     598     | 5.95534E+02 |     582     | 1.22325E+00 
157 |15800000|     582     |     597     | 5.95262E+02 |     582     | 1.14189E+00 
158 |15900000|     582     |     596     | 5.95077E+02 |     582     | 1.19483E+00 
159 |16000000|     582     |     596     | 5.94914E+02 |     582     | 1.30510E+00 
160 |16100000|     578     |     596     | 5.94727E+02 |     578     | 1.42921E+00 
161 |16200000|     578     |     596     | 5.94500E+02 |     578     | 1.57754E+00 
162 |16300000|     578     |     595     | 5.94282E+02 |     578     | 1.76187E+00 
163 |16400000|     578     |     595     | 5.94048E+02 |     578     | 1.99163E+00 
164 |16500000|     578     |     595     | 5.93733E+02 |     578     | 2.23534E+00 
165 |16600000|     578     |     595     | 5.93316E+02 |     578     | 2.47608E+00 
166 |16700000|     578     |     595     | 5.92774E+02 |     578     | 2.68332E+00 
167 |16800000|     578     |     595     | 5.92095E+02 |     578     | 2.81631E+00 
168 |16900000|     578     |     595     | 5.91306E+02 |     578     | 2.80715E+00 
169 |17000000|     574     |     595     | 5.90427E+02 |     574     | 2.57572E+00 
170 |17100000|     574     |     594     | 5.89571E+02 |     574     | 2.19122E+00 
171 |17200000|     574     |     592     | 5.88808E+02 |     574     | 1.71662E+00 
172 |17300000|     574     |     591     | 5.88217E+02 |     574     | 1.44746E+00 
173 |17400000|     574     |     589     | 5.87863E+02 |     574     | 1.51533E+00 
174 |17500000|     574     |     589     | 5.87524E+02 |     574     | 1.62215E+00 
175 |17600000|     574     |     589     | 5.87156E+02 |     574     | 1.68958E+00 
176 |17700000|     574     |     589     | 5.86759E+02 |     574     | 1.70930E+00 
177 |17800000|     574     |     589     | 5.86332E+02 |     574     | 1.67989E+00 
178 |17900000|     574     |     588     | 5.85897E+02 |     574     | 1.62673E+00 
179 |18000000|     574     |     587     | 5.85589E+02 |     574     | 1.72562E+00 
180 |18100000|     574     |     587     | 5.85273E+02 |     574     | 1.81811E+00 
181 |18200000|     574     |     587     | 5.84918E+02 |     574     | 1.88551E+00 
182 |18300000|     574     |     587     | 5.84519E+02 |     574     | 1.90474E+00 
183 |18400000|     568     |     587     | 5.84091E+02 |     568     | 1.85993E+00 
184 |18500000|     568     |     586     | 5.83693E+02 |     568     | 1.83380E+00 
185 |18600000|     568     |     586     | 5.83290E+02 |     568     | 1.78815E+00 
186 |18700000|     568     |     585     | 5.82896E+02 |     568     | 1.70211E+00 
187 |18800000|     568     |     585     | 5.82556E+02 |     568     | 1.66638E+00 
188 |18900000|     568     |     585     | 5.82199E+02 |     568     | 1.57698E+00 
189 |19000000|     568     |     585     | 5.81814E+02 |     568     | 1.41256E+00 
190 |19100000|     568     |     584     | 5.81495E+02 |     568     | 1.35488E+00 
191 |19200000|     568     |     583     | 5.81224E+02 |     568     | 1.38859E+00 
192 |19300000|     568     |     582     | 5.81005E+02 |     568     | 1.49199E+00 
193 |19400000|     568     |     582     | 5.80764E+02 |     568     | 1.59736E+00 
194 |19500000|     568     |     582     | 5.80485E+02 |     568     | 1.67984E+00 
195 |19600000|     568     |     582     | 5.80163E+02 |     568     | 1.72711E+00 
196 |19700000|     564     |     582     | 5.79803E+02 |     564     | 1.71955E+00 
197 |19800000|     564     |     582     | 5.79426E+02 |     564     | 1.63843E+00 
198 |19900000|     559     |     582     | 5.79038E+02 |     559     | 1.45735E+00 
199 |20000000|     559     |     581     | 5.78735E+02 |     559     | 1.33183E+00 
200 |20100000|     559     |     581     | 5.78437E+02 |     559     | 1.13811E+00 
201 |20200000|     559     |     581     | 5.78138E+02 |     559     | 8.23097E-01 
202 |20300000|     559     |     579     | 5.77946E+02 |     559     | 6.14351E-01 
203 |20400000|     559     |     578     | 5.77904E+02 |     559     | 6.50504E-01 
204 |20500000|     559     |     578     | 5.77881E+02 |     559     | 7.30310E-01 
205 |20600000|     559     |     578     | 5.77850E+02 |     559     | 8.18511E-01 
206 |20700000|     559     |     578     | 5.77811E+02 |     559     | 9.29645E-01 
207 |20800000|     559     |     578     | 5.77763E+02 |     559     | 1.03718E+00 
208 |20900000|     559     |     578     | 5.77705E+02 |     559     | 1.14797E+00 
209 |21000000|     559     |     578     | 5.77635E+02 |     559     | 1.27374E+00 
210 |21100000|     559     |     578     | 5.77545E+02 |     559     | 1.41906E+00 
211 |21200000|     559     |     578     | 5.77438E+02 |     559     | 1.56955E+00 
212 |21300000|     559     |     578     | 5.77302E+02 |     559     | 1.73233E+00 
213 |21400000|     559     |     578     | 5.77143E+02 |     559     | 1.89548E+00 
214 |21500000|     559     |     578     | 5.76947E+02 |     559     | 2.06904E+00 
215 |21600000|     559     |     578     | 5.76712E+02 |     559     | 2.24747E+00 
216 |21700000|     559     |     578     | 5.76437E+02 |     559     | 2.41696E+00 
217 |21800000|     559     |     578     | 5.76115E+02 |     559     | 2.57747E+00 
218 |21900000|     559     |     578     | 5.75750E+02 |     559     | 2.72205E+00 
219 |22000000|     559     |     578     | 5.75344E+02 |     559     | 2.84430E+00 
220 |22100000|     558     |     578     | 5.74912E+02 |     558     | 2.92945E+00 
221 |22200000|     558     |     578     | 5.74440E+02 |     558     | 2.98263E+00 
222 |22300000|     558     |     578     | 5.73936E+02 |     558     | 2.99732E+00 
223 |22400000|     558     |     577     | 5.73411E+02 |     558     | 2.97282E+00 
224 |22500000|     558     |     577     | 5.72918E+02 |     558     | 2.97728E+00 
225 |22600000|     558     |     577     | 5.72381E+02 |     558     | 2.92128E+00 
226 |22700000|     555     |     576     | 5.71848E+02 |     555     | 2.86661E+00 
227 |22800000|     555     |     575     | 5.71389E+02 |     555     | 2.90099E+00 
228 |22900000|     555     |     574     | 5.70926E+02 |     555     | 2.93011E+00 
229 |23000000|     555     |     574     | 5.70473E+02 |     555     | 2.97890E+00 
230 |23100000|     555     |     574     | 5.69985E+02 |     555     | 2.99505E+00 
231 |23200000|     555     |     573     | 5.69511E+02 |     555     | 3.00884E+00 
232 |23300000|     555     |     573     | 5.69013E+02 |     555     | 3.03062E+00 
233 |23400000|     555     |     573     | 5.68473E+02 |     555     | 2.99237E+00 
234 |23500000|     555     |     572     | 5.67892E+02 |     555     | 2.90084E+00 
235 |23600000|     555     |     571     | 5.67337E+02 |     555     | 2.86169E+00 
236 |23700000|     553     |     571     | 5.66796E+02 |     553     | 2.84107E+00 
237 |23800000|     553     |     570     | 5.66303E+02 |     553     | 2.87072E+00 
238 |23900000|     553     |     570     | 5.65760E+02 |     553     | 2.86925E+00 
239 |24000000|     553     |     569     | 5.65193E+02 |     553     | 2.86176E+00 
240 |24100000|     553     |     568     | 5.64613E+02 |     553     | 2.92473E+00 
241 |24200000|     553     |     568     | 5.63907E+02 |     553     | 2.97753E+00 
242 |24300000|     553     |     567     | 5.63036E+02 |     553     | 2.94815E+00 
243 |24400000|     553     |     566     | 5.62044E+02 |     553     | 2.89041E+00 
244 |24500000|     551     |     566     | 5.60734E+02 |     551     | 2.31694E+00 
245 |24600000|     551     |     563     | 5.59531E+02 |     551     | 1.14455E+00 
246 |24700000|     551     |     560     | 5.58971E+02 |     551     | 4.86252E-01 
247 |24800000|     551     |     559     | 5.58810E+02 |     551     | 4.58282E-01 
248 |24900000|     551     |     559     | 5.58693E+02 |     551     | 5.45148E-01 
249 |25000000|     551     |     559     | 5.58521E+02 |     551     | 6.18190E-01 
250 |25100000|     551     |     559     | 5.58306E+02 |     551     | 6.49934E-01 
251 |25200000|     551     |     559     | 5.58070E+02 |     551     | 6.31521E-01 
252 |25300000|     551     |     558     | 5.57812E+02 |     551     | 5.63395E-01 
253 |25400000|     550     |     558     | 5.57697E+02 |     550     | 6.88899E-01 
254 |25500000|     550     |     558     | 5.57527E+02 |     550     | 8.12894E-01 
255 |25600000|     550     |     558     | 5.57296E+02 |     550     | 9.12207E-01 
256 |25700000|     548     |     558     | 5.56997E+02 |     548     | 9.63706E-01 
257 |25800000|     548     |     558     | 5.56657E+02 |     548     | 9.31338E-01 
258 |25900000|     545     |     558     | 5.56291E+02 |     545     | 7.70404E-01 
259 |26000000|     545     |     557     | 5.56016E+02 |     545     | 6.10196E-01 
260 |26100000|     545     |     557     | 5.55798E+02 |     545     | 5.26748E-01 
261 |26200000|     545     |     556     | 5.55699E+02 |     545     | 6.04926E-01 
262 |26300000|     545     |     556     | 5.55579E+02 |     545     | 6.86996E-01 
263 |26400000|     544     |     556     | 5.55423E+02 |     544     | 7.66735E-01 
264 |26500000|     542     |     556     | 5.55242E+02 |     542     | 8.29686E-01 
265 |26600000|     542     |     556     | 5.55034E+02 |     542     | 8.83851E-01 
266 |26700000|     542     |     556     | 5.54791E+02 |     542     | 9.25098E-01 
267 |26800000|     542     |     555     | 5.54507E+02 |     542     | 9.54700E-01 
268 |26900000|     542     |     555     | 5.54306E+02 |     542     | 1.10142E+00 
269 |27000000|     542     |     555     | 5.54047E+02 |     542     | 1.24517E+00 
270 |27100000|     542     |     555     | 5.53736E+02 |     542     | 1.36793E+00 
271 |27200000|     542     |     555     | 5.53363E+02 |     542     | 1.46482E+00 
272 |27300000|     542     |     555     | 5.52928E+02 |     542     | 1.50927E+00 
273 |27400000|     542     |     554     | 5.52543E+02 |     542     | 1.63078E+00 
274 |27500000|     542     |     554     | 5.52126E+02 |     542     | 1.73132E+00 
275 |27600000|     542     |     554     | 5.51653E+02 |     542     | 1.78326E+00 
276 |27700000|     542     |     553     | 5.51112E+02 |     542     | 1.79053E+00 
277 |27800000|     542     |     552     | 5.50626E+02 |     542     | 1.89159E+00 
278 |27900000|     542     |     552     | 5.50169E+02 |     542     | 2.05732E+00 
279 |28000000|     542     |     552     | 5.49622E+02 |     542     | 2.16127E+00 
280 |28100000|     542     |     552     | 5.48983E+02 |     542     | 2.15802E+00 
281 |28200000|     542     |     551     | 5.48286E+02 |     542     | 2.03117E+00 
282 |28300000|     542     |     551     | 5.47619E+02 |     542     | 1.89085E+00 
283 |28400000|     542     |     550     | 5.47026E+02 |     542     | 1.77304E+00 
284 |28500000|     542     |     549     | 5.46426E+02 |     542     | 1.54680E+00 
285 |28600000|     542     |     548     | 5.45969E+02 |     542     | 1.47386E+00 
286 |28700000|     541     |     548     | 5.45525E+02 |     541     | 1.36853E+00 
287 |28800000|     541     |     547     | 5.45104E+02 |     541     | 1.22939E+00 
288 |28900000|     541     |     546     | 5.44716E+02 |     541     | 1.11498E+00 
289 |29000000|     541     |     546     | 5.44419E+02 |     541     | 1.11229E+00 
290 |29100000|     540     |     546     | 5.44082E+02 |     540     | 1.04635E+00 
291 |29200000|     540     |     545     | 5.43806E+02 |     540     | 1.04603E+00 
292 |29300000|     540     |     545     | 5.43517E+02 |     540     | 1.04199E+00 
293 |29400000|     540     |     545     | 5.43187E+02 |     540     | 9.58673E-01 
294 |29500000|     540     |     544     | 5.42931E+02 |     540     | 9.38714E-01 
295 |29600000|     540     |     544     | 5.42676E+02 |     540     | 8.80909E-01 
296 |29700000|     540     |     544     | 5.42421E+02 |     540     | 7.35816E-01 
297 |29800000|     540     |     544     | 5.42158E+02 |     540     | 4.06947E-01 
298 |29900000|     540     |     543     | 5.42014E+02 |     540     | 1.32107E-01 
299 |30000000|     540     |     542     | 5.41998E+02 |     540     | 5.51801E-02 
300 |30100000|     540     |     542     | 5.41997E+02 |     540     | 6.38034E-02 
301 |30200000|     540     |     542     | 5.41996E+02 |     540     | 7.27637E-02 
302 |30300000|     540     |     542     | 5.41995E+02 |     540     | 8.57947E-02 
303 |30400000|     540     |     542     | 5.41993E+02 |     540     | 9.87328E-02 
304 |30500000|     539     |     542     | 5.41990E+02 |     539     | 1.17468E-01 
305 |30600000|     539     |     542     | 5.41986E+02 |     539     | 1.35744E-01 
306 |30700000|     538     |     542     | 5.41982E+02 |     538     | 1.58411E-01 
307 |30800000|     538     |     542     | 5.41976E+02 |     538     | 1.81360E-01 
308 |30900000|     538     |     542     | 5.41968E+02 |     538     | 2.09605E-01 
309 |31000000|     538     |     542     | 5.41956E+02 |     538     | 2.42377E-01 
310 |31100000|     538     |     542     | 5.41941E+02 |     538     | 2.78988E-01 
311 |31200000|     538     |     542     | 5.41920E+02 |     538     | 3.23848E-01 
312 |31300000|     538     |     542     | 5.41892E+02 |     538     | 3.72932E-01 
313 |31400000|     538     |     542     | 5.41853E+02 |     538     | 4.27213E-01 
314 |31500000|     538     |     542     | 5.41799E+02 |     538     | 4.90382E-01 
315 |31600000|     538     |     542     | 5.41725E+02 |     538     | 5.57294E-01 
316 |31700000|     538     |     542     | 5.41626E+02 |     538     | 6.22956E-01 
317 |31800000|     538     |     542     | 5.41493E+02 |     538     | 6.85705E-01 
318 |31900000|     538     |     542     | 5.41334E+02 |     538     | 7.28323E-01 
319 |32000000|     538     |     542     | 5.41156E+02 |     538     | 7.45079E-01 
320 |32100000|     538     |     542     | 5.40963E+02 |     538     | 7.34145E-01 
321 |32200000|     538     |     542     | 5.40757E+02 |     538     | 6.84883E-01 
322 |32300000|     537     |     542     | 5.40539E+02 |     537     | 5.73418E-01 
323 |32400000|     537     |     541     | 5.40419E+02 |     537     | 5.88850E-01 
324 |32500000|     537     |     541     | 5.40290E+02 |     537     | 5.90224E-01 
325 |32600000|     537     |     541     | 5.40155E+02 |     537     | 5.70956E-01 
326 |32700000|     537     |     541     | 5.40015E+02 |     537     | 5.26713E-01 
327 |32800000|     537     |     541     | 5.39860E+02 |     537     | 4.41523E-01 
328 |32900000|     537     |     540     | 5.39772E+02 |     537     | 4.42619E-01 
329 |33000000|     537     |     540     | 5.39700E+02 |     537     | 4.87245E-01 
330 |33100000|     537     |     540     | 5.39614E+02 |     537     | 5.24806E-01 
331 |33200000|     537     |     540     | 5.39511E+02 |     537     | 5.51021E-01 
332 |33300000|     537     |     540     | 5.39396E+02 |     537     | 5.61188E-01 
333 |33400000|     537     |     540     | 5.39275E+02 |     537     | 5.52149E-01 
334 |33500000|     536     |     540     | 5.39148E+02 |     536     | 5.22080E-01 
335 |33600000|     536     |     540     | 5.39013E+02 |     536     | 4.62300E-01 
336 |33700000|     536     |     539     | 5.38871E+02 |     536     | 3.56358E-01 
337 |33800000|     535     |     539     | 5.38828E+02 |     535     | 4.04134E-01 
338 |33900000|     535     |     539     | 5.38770E+02 |     535     | 4.53189E-01 
339 |34000000|     535     |     539     | 5.38700E+02 |     535     | 4.99031E-01 
340 |34100000|     535     |     539     | 5.38611E+02 |     535     | 5.40897E-01 
341 |34200000|     535     |     539     | 5.38508E+02 |     535     | 5.70948E-01 
342 |34300000|     535     |     539     | 5.38395E+02 |     535     | 5.84902E-01 
343 |34400000|     535     |     539     | 5.38271E+02 |     535     | 5.81405E-01 
344 |34500000|     535     |     539     | 5.38144E+02 |     535     | 5.59901E-01 
345 |34600000|     535     |     539     | 5.38008E+02 |     535     | 5.11303E-01 
346 |34700000|     535     |     539     | 5.37863E+02 |     535     | 4.25951E-01 
347 |34800000|     535     |     538     | 5.37780E+02 |     535     | 4.20225E-01 
348 |34900000|     534     |     538     | 5.37715E+02 |     534     | 4.58406E-01 
349 |35000000|     534     |     538     | 5.37636E+02 |     534     | 4.91100E-01 
350 |35100000|     534     |     538     | 5.37545E+02 |     534     | 5.12260E-01 
351 |35200000|     534     |     538     | 5.37445E+02 |     534     | 5.17053E-01 
352 |35300000|     533     |     538     | 5.37343E+02 |     533     | 5.04213E-01 
353 |35400000|     533     |     538     | 5.37241E+02 |     533     | 4.69641E-01 
354 |35500000|     533     |     538     | 5.37139E+02 |     533     | 4.09544E-01 
355 |35600000|     533     |     538     | 5.37034E+02 |     533     | 3.11711E-01 
356 |35700000|     533     |     537     | 5.36971E+02 |     533     | 2.31143E-01 
357 |35800000|     533     |     537     | 5.36962E+02 |     533     | 2.63883E-01 
358 |35900000|     533     |     537     | 5.36952E+02 |     533     | 2.96150E-01 
359 |36000000|     533     |     537     | 5.36938E+02 |     533     | 3.35903E-01 
360 |36100000|     533     |     537     | 5.36921E+02 |     533     | 3.76679E-01 
361 |36200000|     533     |     537     | 5.36898E+02 |     533     | 4.24459E-01 
362 |36300000|     533     |     537     | 5.36870E+02 |     533     | 4.75758E-01 
363 |36400000|     533     |     537     | 5.36834E+02 |     533     | 5.32338E-01 
364 |36500000|     533     |     537     | 5.36787E+02 |     533     | 5.94901E-01 
365 |36600000|     533     |     537     | 5.36731E+02 |     533     | 6.58667E-01 
366 |36700000|     533     |     537     | 5.36662E+02 |     533     | 7.23373E-01 
367 |36800000|     533     |     537     | 5.36572E+02 |     533     | 7.91414E-01 
368 |36900000|     533     |     537     | 5.36469E+02 |     533     | 8.51708E-01 
369 |37000000|     533     |     537     | 5.36341E+02 |     533     | 9.06491E-01 
370 |37100000|     533     |     537     | 5.36194E+02 |     533     | 9.46411E-01 
371 |37200000|     533     |     537     | 5.36031E+02 |     533     | 9.64903E-01 
372 |37300000|     533     |     537     | 5.35858E+02 |     533     | 9.56796E-01 
373 |37400000|     533     |     537     | 5.35679E+02 |     533     | 9.16651E-01 
374 |37500000|     533     |     537     | 5.35500E+02 |     533     | 8.39071E-01 
375 |37600000|     532     |     537     | 5.35322E+02 |     532     | 7.13087E-01 
376 |37700000|     532     |     537     | 5.35137E+02 |     532     | 4.93667E-01 
377 |37800000|     532     |     536     | 5.35010E+02 |     532     | 3.04975E-01 
378 |37900000|     532     |     535     | 5.34949E+02 |     532     | 2.33227E-01 
379 |38000000|     532     |     535     | 5.34934E+02 |     532     | 2.63301E-01 
380 |38100000|     532     |     535     | 5.34914E+02 |     532     | 2.97663E-01 
381 |38200000|     532     |     535     | 5.34889E+02 |     532     | 3.34307E-01 
382 |38300000|     531     |     535     | 5.34857E+02 |     531     | 3.72531E-01 
383 |38400000|     531     |     535     | 5.34816E+02 |     531     | 4.14264E-01 
384 |38500000|     531     |     535     | 5.34764E+02 |     531     | 4.55646E-01 
385 |38600000|     531     |     535     | 5.34696E+02 |     531     | 4.96337E-01 
386 |38700000|     531     |     535     | 5.34610E+02 |     531     | 5.31014E-01 
387 |38800000|     531     |     535     | 5.34507E+02 |     531     | 5.53833E-01 
388 |38900000|     531     |     535     | 5.34394E+02 |     531     | 5.57327E-01 
389 |39000000|     531     |     535     | 5.34278E+02 |     531     | 5.39016E-01 
390 |39100000|     531     |     535     | 5.34158E+02 |     531     | 4.97597E-01 
391 |39200000|     531     |     535     | 5.34037E+02 |     531     | 4.25044E-01 
392 |39300000|     531     |     535     | 5.33917E+02 |     531     | 3.02684E-01 
393 |39400000|     531     |     534     | 5.33888E+02 |     531     | 3.24494E-01 
394 |39500000|     531     |     534     | 5.33859E+02 |     531     | 3.59216E-01 
395 |39600000|     529     |     534     | 5.33824E+02 |     529     | 3.94467E-01 
396 |39700000|     529     |     534     | 5.33781E+02 |     529     | 4.30179E-01 
397 |39800000|     529     |     534     | 5.33728E+02 |     529     | 4.64821E-01 
398 |39900000|     529     |     534     | 5.33668E+02 |     529     | 4.94371E-01 
399 |40000000|     529     |     534     | 5.33598E+02 |     529     | 5.19173E-01 
400 |40100000|     529     |     534     | 5.33523E+02 |     529     | 5.35889E-01 
401 |40200000|     529     |     534     | 5.33441E+02 |     529     | 5.42527E-01 
402 |40300000|     528     |     534     | 5.33356E+02 |     528     | 5.38876E-01 
403 |40400000|     528     |     534     | 5.33272E+02 |     528     | 5.24219E-01 
404 |40500000|     528     |     534     | 5.33184E+02 |     528     | 4.97780E-01 
405 |40600000|     526     |     534     | 5.33093E+02 |     526     | 4.57533E-01 
406 |40700000|     526     |     534     | 5.33002E+02 |     526     | 3.99258E-01 
407 |40800000|     526     |     533     | 5.32907E+02 |     526     | 3.16204E-01 
408 |40900000|     526     |     533     | 5.32883E+02 |     526     | 3.50583E-01 
409 |41000000|     526     |     533     | 5.32854E+02 |     526     | 3.88977E-01 
410 |41100000|     526     |     533     | 5.32818E+02 |     526     | 4.27179E-01 
411 |41200000|     526     |     533     | 5.32774E+02 |     526     | 4.66382E-01 
412 |41300000|     526     |     533     | 5.32720E+02 |     526     | 5.06510E-01 
413 |41400000|     526     |     533     | 5.32655E+02 |     526     | 5.44788E-01 
414 |41500000|     526     |     533     | 5.32580E+02 |     526     | 5.79180E-01 
415 |41600000|     526     |     533     | 5.32496E+02 |     526     | 6.05311E-01 
416 |41700000|     526     |     533     | 5.32405E+02 |     526     | 6.25128E-01 
417 |41800000|     526     |     533     | 5.32307E+02 |     526     | 6.37501E-01 
418 |41900000|     526     |     533     | 5.32202E+02 |     526     | 6.42965E-01 
419 |42000000|     526     |     533     | 5.32089E+02 |     526     | 6.40148E-01 
420 |42100000|     526     |     533     | 5.31960E+02 |     526     | 6.29287E-01 
421 |42200000|     523     |     533     | 5.31808E+02 |     523     | 5.96826E-01 
422 |42300000|     523     |     532     | 5.31679E+02 |     523     | 6.07478E-01 
423 |42400000|     523     |     532     | 5.31560E+02 |     523     | 6.71583E-01 
424 |42500000|     523     |     532     | 5.31400E+02 |     523     | 7.20729E-01 
425 |42600000|     523     |     532     | 5.31212E+02 |     523     | 7.41167E-01 
426 |42700000|     523     |     532     | 5.31010E+02 |     523     | 7.32159E-01 
427 |42800000|     523     |     532     | 5.30795E+02 |     523     | 6.86955E-01 
428 |42900000|     523     |     531     | 5.30639E+02 |     523     | 6.95598E-01 
429 |43000000|     523     |     531     | 5.30519E+02 |     523     | 7.66109E-01 
430 |43100000|     523     |     531     | 5.30377E+02 |     523     | 8.21703E-01 
431 |43200000|     523     |     531     | 5.30215E+02 |     523     | 8.63397E-01 
432 |43300000|     523     |     531     | 5.30039E+02 |     523     | 8.84508E-01 
433 |43400000|     523     |     531     | 5.29852E+02 |     523     | 8.81232E-01 
434 |43500000|     523     |     531     | 5.29657E+02 |     523     | 8.47478E-01 
435 |43600000|     523     |     531     | 5.29455E+02 |     523     | 7.73649E-01 
436 |43700000|     523     |     530     | 5.29305E+02 |     523     | 7.46899E-01 
437 |43800000|     523     |     530     | 5.29187E+02 |     523     | 7.69172E-01 
438 |43900000|     523     |     530     | 5.29061E+02 |     523     | 7.85165E-01 
439 |44000000|     523     |     530     | 5.28934E+02 |     523     | 7.88283E-01 
440 |44100000|     523     |     530     | 5.28791E+02 |     523     | 7.93452E-01 
441 |44200000|     523     |     529     | 5.28675E+02 |     523     | 8.24094E-01 
442 |44300000|     523     |     529     | 5.28593E+02 |     523     | 9.06346E-01 
443 |44400000|     523     |     529     | 5.28488E+02 |     523     | 9.94092E-01 
444 |44500000|     523     |     529     | 5.28358E+02 |     523     | 1.08294E+00 
445 |44600000|     523     |     529     | 5.28203E+02 |     523     | 1.16301E+00 
446 |44700000|     521     |     529     | 5.28021E+02 |     521     | 1.23126E+00 
447 |44800000|     521     |     529     | 5.27816E+02 |     521     | 1.28101E+00 
448 |44900000|     521     |     529     | 5.27580E+02 |     521     | 1.30470E+00 
449 |45000000|     521     |     529     | 5.27328E+02 |     521     | 1.29289E+00 
450 |45100000|     521     |     529     | 5.27052E+02 |     521     | 1.23158E+00 
451 |45200000|     521     |     529     | 5.26766E+02 |     521     | 1.10040E+00 
452 |45300000|     521     |     528     | 5.26477E+02 |     521     | 8.74821E-01 
453 |45400000|     521     |     528     | 5.26272E+02 |     521     | 7.61948E-01 
454 |45500000|     521     |     527     | 5.26079E+02 |     521     | 6.14175E-01 
455 |45600000|     521     |     527     | 5.25954E+02 |     521     | 5.90290E-01 
456 |45700000|     521     |     527     | 5.25814E+02 |     521     | 5.46165E-01 
457 |45800000|     521     |     526     | 5.25758E+02 |     521     | 6.11782E-01 
458 |45900000|     520     |     526     | 5.25687E+02 |     520     | 6.83014E-01 
459 |46000000|     520     |     526     | 5.25594E+02 |     520     | 7.56844E-01 
460 |46100000|     520     |     526     | 5.25482E+02 |     520     | 8.26788E-01 
461 |46200000|     520     |     526     | 5.25351E+02 |     520     | 8.89767E-01 
462 |46300000|     518     |     526     | 5.25198E+02 |     518     | 9.46605E-01 
463 |46400000|     518     |     526     | 5.25030E+02 |     518     | 9.90475E-01 
464 |46500000|     518     |     526     | 5.24846E+02 |     518     | 1.01961E+00 
465 |46600000|     518     |     526     | 5.24645E+02 |     518     | 1.02821E+00 
466 |46700000|     518     |     526     | 5.24429E+02 |     518     | 1.00528E+00 
467 |46800000|     518     |     526     | 5.24197E+02 |     518     | 9.38162E-01 
468 |46900000|     518     |     525     | 5.24034E+02 |     518     | 9.47189E-01 
469 |47000000|     518     |     525     | 5.23871E+02 |     518     | 9.37712E-01 
470 |47100000|     518     |     525     | 5.23705E+02 |     518     | 8.99150E-01 
471 |47200000|     518     |     525     | 5.23537E+02 |     518     | 8.26572E-01 
472 |47300000|     518     |     525     | 5.23367E+02 |     518     | 7.07501E-01 
473 |47400000|     518     |     525     | 5.23202E+02 |     518     | 5.18054E-01 
474 |47500000|     518     |     524     | 5.23076E+02 |     518     | 3.17807E-01 
475 |47600000|     518     |     524     | 5.22992E+02 |     518     | 1.75871E-01 
476 |47700000|     518     |     523     | 5.22986E+02 |     518     | 1.88684E-01 
477 |47800000|     518     |     523     | 5.22981E+02 |     518     | 2.18938E-01 
478 |47900000|     518     |     523     | 5.22976E+02 |     518     | 2.46121E-01 
479 |48000000|     518     |     523     | 5.22969E+02 |     518     | 2.84444E-01 
480 |48100000|     518     |     523     | 5.22959E+02 |     518     | 3.23166E-01 
481 |48200000|     517     |     523     | 5.22948E+02 |     517     | 3.68867E-01 
482 |48300000|     517     |     523     | 5.22932E+02 |     517     | 4.21078E-01 
483 |48400000|     517     |     523     | 5.22913E+02 |     517     | 4.74866E-01 
484 |48500000|     516     |     523     | 5.22888E+02 |     516     | 5.37065E-01 
485 |48600000|     516     |     523     | 5.22856E+02 |     516     | 6.10367E-01 
486 |48700000|     516     |     523     | 5.22814E+02 |     516     | 6.87897E-01 
487 |48800000|     516     |     523     | 5.22761E+02 |     516     | 7.73514E-01 
488 |48900000|     516     |     523     | 5.22694E+02 |     516     | 8.66362E-01 
489 |49000000|     516     |     523     | 5.22604E+02 |     516     | 9.76107E-01 
490 |49100000|     516     |     523     | 5.22488E+02 |     516     | 1.09215E+00 
491 |49200000|     516     |     523     | 5.22342E+02 |     516     | 1.21009E+00 
492 |49300000|     516     |     523     | 5.22158E+02 |     516     | 1.32897E+00 
493 |49400000|     516     |     523     | 5.21927E+02 |     516     | 1.43995E+00 
494 |49500000|     516     |     523     | 5.21659E+02 |     516     | 1.52694E+00 
495 |49600000|     516     |     523     | 5.21339E+02 |     516     | 1.58399E+00 
496 |49700000|     516     |     523     | 5.20971E+02 |     516     | 1.58838E+00 
497 |49800000|     516     |     523     | 5.20567E+02 |     516     | 1.51732E+00 
498 |49900000|     515     |     523     | 5.20144E+02 |     515     | 1.33931E+00 
499 |50000000|     515     |     522     | 5.19789E+02 |     515     | 1.19018E+00 
500 |50100000|     515     |     521     | 5.19469E+02 |     515     | 1.03683E+00 
501 |50200000|     515     |     521     | 5.19214E+02 |     515     | 9.56605E-01 
502 |50300000|     515     |     520     | 5.18944E+02 |     515     | 7.96903E-01 
503 |50400000|     514     |     520     | 5.18760E+02 |     514     | 7.57699E-01 
504 |50500000|     514     |     520     | 5.18566E+02 |     514     | 6.70504E-01 
505 |50600000|     514     |     519     | 5.18392E+02 |     514     | 5.56157E-01 
506 |50700000|     514     |     519     | 5.18288E+02 |     514     | 5.46457E-01 
507 |50800000|     514     |     519     | 5.18181E+02 |     514     | 5.23045E-01 
508 |50900000|     514     |     519     | 5.18069E+02 |     514     | 4.79922E-01 
509 |51000000|     514     |     519     | 5.17955E+02 |     514     | 4.14779E-01 
510 |51100000|     514     |     518     | 5.17882E+02 |     514     | 3.94776E-01 
511 |51200000|     514     |     518     | 5.17844E+02 |     514     | 4.48314E-01 
512 |51300000|     514     |     518     | 5.17795E+02 |     514     | 5.05494E-01 
513 |51400000|     514     |     518     | 5.17729E+02 |     514     | 5.68914E-01 
514 |51500000|     514     |     518     | 5.17644E+02 |     514     | 6.34369E-01 
515 |51600000|     514     |     518     | 5.17533E+02 |     514     | 6.99813E-01 
516 |51700000|     514     |     518     | 5.17389E+02 |     514     | 7.59154E-01 
517 |51800000|     514     |     518     | 5.17207E+02 |     514     | 8.02473E-01 
518 |51900000|     514     |     518     | 5.16981E+02 |     514     | 8.12887E-01 
519 |52000000|     514     |     518     | 5.16708E+02 |     514     | 7.56644E-01 
520 |52100000|     512     |     518     | 5.16394E+02 |     512     | 5.57320E-01 
521 |52200000|     512     |     517     | 5.16223E+02 |     512     | 5.15713E-01 
522 |52300000|     512     |     517     | 5.16054E+02 |     512     | 4.29173E-01 
523 |52400000|     512     |     516     | 5.15935E+02 |     512     | 3.48902E-01 
524 |52500000|     512     |     516     | 5.15906E+02 |     512     | 4.14541E-01 
525 |52600000|     512     |     516     | 5.15866E+02 |     512     | 4.90508E-01 
526 |52700000|     512     |     516     | 5.15809E+02 |     512     | 5.77279E-01 
527 |52800000|     507     |     516     | 5.15730E+02 |     507     | 6.71074E-01 
528 |52900000|     507     |     516     | 5.15623E+02 |     507     | 7.68238E-01 
529 |53000000|     507     |     516     | 5.15476E+02 |     507     | 8.62998E-01 
530 |53100000|     507     |     516     | 5.15291E+02 |     507     | 9.38336E-01 
531 |53200000|     507     |     516     | 5.15074E+02 |     507     | 9.77629E-01 
532 |53300000|     507     |     516     | 5.14825E+02 |     507     | 9.65348E-01 
533 |53400000|     507     |     516     | 5.14567E+02 |     507     | 8.81949E-01 
534 |53500000|     507     |     516     | 5.14311E+02 |     507     | 7.03394E-01 
535 |53600000|     507     |     516     | 5.14053E+02 |     507     | 2.85346E-01 
536 |53700000|     504     |     514     | 5.13989E+02 |     504     | 1.83733E-01 
537 |53800000|     504     |     514     | 5.13983E+02 |     504     | 2.22118E-01 
538 |53900000|     504     |     514     | 5.13976E+02 |     504     | 2.64838E-01 
539 |54000000|     504     |     514     | 5.13965E+02 |     504     | 3.16058E-01 
540 |54100000|     504     |     514     | 5.13948E+02 |     504     | 3.82463E-01 
541 |54200000|     504     |     514     | 5.13924E+02 |     504     | 4.59675E-01 
542 |54300000|     504     |     514     | 5.13886E+02 |     504     | 5.57453E-01 
543 |54400000|     504     |     514     | 5.13835E+02 |     504     | 6.65760E-01 
544 |54500000|     504     |     514     | 5.13759E+02 |     504     | 7.93330E-01 
545 |54600000|     504     |     514     | 5.13644E+02 |     504     | 9.47866E-01 
546 |54700000|     504     |     514     | 5.13486E+02 |     504     | 1.10929E+00 
547 |54800000|     503     |     514     | 5.13266E+02 |     503     | 1.27601E+00 
548 |54900000|     503     |     514     | 5.12968E+02 |     503     | 1.43042E+00 
549 |55000000|     503     |     514     | 5.12587E+02 |     503     | 1.56083E+00 
550 |55100000|     503     |     514     | 5.12138E+02 |     503     | 1.62984E+00 
551 |55200000|     503     |     514     | 5.11634E+02 |     503     | 1.61739E+00 
552 |55300000|     503     |     513     | 5.11133E+02 |     503     | 1.59654E+00 
553 |55400000|     503     |     512     | 5.10649E+02 |     503     | 1.63054E+00 
554 |55500000|     503     |     512     | 5.10223E+02 |     503     | 1.76329E+00 
555 |55600000|     503     |     512     | 5.09687E+02 |     503     | 1.82128E+00 
556 |55700000|     503     |     511     | 5.09141E+02 |     503     | 1.86178E+00 
557 |55800000|     503     |     511     | 5.08565E+02 |     503     | 1.83100E+00 
558 |55900000|     503     |     511     | 5.07956E+02 |     503     | 1.61480E+00 
559 |56000000|     503     |     510     | 5.07379E+02 |     503     | 1.21577E+00 
560 |56100000|     503     |     509     | 5.06929E+02 |     503     | 8.49375E-01 
561 |56200000|     503     |     507     | 5.06698E+02 |     503     | 8.82449E-01 
562 |56300000|     503     |     507     | 5.06553E+02 |     503     | 1.04461E+00 
563 |56400000|     503     |     507     | 5.06345E+02 |     503     | 1.21468E+00 
564 |56500000|     503     |     507     | 5.06060E+02 |     503     | 1.36405E+00 
565 |56600000|     503     |     507     | 5.05681E+02 |     503     | 1.46402E+00 
566 |56700000|     503     |     507     | 5.05236E+02 |     503     | 1.46493E+00 
567 |56800000|     503     |     507     | 5.04758E+02 |     503     | 1.32486E+00 
568 |56900000|     503     |     507     | 5.04279E+02 |     503     | 9.78542E-01 
569 |57000000|     503     |     505     | 5.03904E+02 |     503     | 5.09449E-01 
570 |57100000|     503     |     504     | 5.03750E+02 |     503     | 4.33289E-01 
571 |57200000|     503     |     504     | 5.03666E+02 |     503     | 4.71467E-01 
572 |57300000|     503     |     504     | 5.03567E+02 |     503     | 4.95481E-01 
573 |57400000|     503     |     504     | 5.03456E+02 |     503     | 4.98095E-01 
574 |57500000|     503     |     504     | 5.03343E+02 |     503     | 4.74672E-01 
575 |57600000|     503     |     504     | 5.03228E+02 |     503     | 4.19484E-01 
576 |57700000|     503     |     504     | 5.03113E+02 |     503     | 3.16544E-01 
577 |57800000|     503     |     503     | 5.03000E+02 |     503     | 0.00000E+00 
578 |57900000|     503     |     503     | 5.03000E+02 |     503     | 0.00000E+00 
579 |58000000|     503     |     503     | 5.03000E+02 |     503     | 0.00000E+00 
580 |58100000|     503     |     503     | 5.03000E+02 |     503     | 0.00000E+00 
581 |58200000|     503     |     503     | 5.03000E+02 |     503     | 0.00000E+00 
582 |58300000|     503     |     503     | 5.03000E+02 |     503     | 0.00000E+00 
583 |58400000|     503     |     503     | 5.03000E+02 |     503     | 0.00000E+00 
584 |58500000|     503     |     503     | 5.03000E+02 |     503     | 0.00000E+00 
585 |58600000|     503     |     503     | 5.03000E+02 |     503     | 0.00000E+00 
586 |58700000|     503     |     503     | 5.03000E+02 |     503     | 0.00000E+00 
587 |58800000|     503     |     503     | 5.03000E+02 |     503     | 0.00000E+00 
588 |58900000|     501     |     503     | 5.03000E+02 |     501     | 6.32452E-03 
589 |59000000|     501     |     503     | 5.03000E+02 |     501     | 6.32452E-03 
590 |59100000|     501     |     503     | 5.03000E+02 |     501     | 6.32452E-03 
591 |59200000|     501     |     503     | 5.03000E+02 |     501     | 6.32452E-03 
592 |59300000|     501     |     503     | 5.03000E+02 |     501     | 6.32452E-03 
593 |59400000|     501     |     503     | 5.03000E+02 |     501     | 8.94418E-03 
594 |59500000|     501     |     503     | 5.03000E+02 |     501     | 1.09543E-02 
595 |59600000|     501     |     503     | 5.03000E+02 |     501     | 1.26489E-02 
596 |59700000|     501     |     503     | 5.03000E+02 |     501     | 1.67326E-02 
597 |59800000|     501     |     503     | 5.03000E+02 |     501     | 1.89728E-02 
598 |59900000|     501     |     503     | 5.03000E+02 |     501     | 2.19076E-02 
599 |60000000|     501     |     503     | 5.03000E+02 |     501     | 2.28020E-02 
600 |60100000|     501     |     503     | 5.03000E+02 |     501     | 2.68304E-02 
601 |60200000|     501     |     503     | 5.02999E+02 |     501     | 3.34617E-02 
602 |60300000|     501     |     503     | 5.02999E+02 |     501     | 3.99920E-02 
603 |60400000|     501     |     503     | 5.02999E+02 |     501     | 4.51548E-02 
604 |60500000|     501     |     503     | 5.02999E+02 |     501     | 5.01838E-02 
605 |60600000|     501     |     503     | 5.02998E+02 |     501     | 5.96392E-02 
606 |60700000|     501     |     503     | 5.02998E+02 |     501     | 6.65963E-02 
607 |60800000|     501     |     503     | 5.02997E+02 |     501     | 7.65591E-02 
608 |60900000|     498     |     503     | 5.02996E+02 |     498     | 8.85148E-02 
609 |61000000|     498     |     503     | 5.02995E+02 |     498     | 1.01803E-01 
610 |61100000|     498     |     503     | 5.02993E+02 |     498     | 1.17658E-01 
611 |61200000|     498     |     503     | 5.02991E+02 |     498     | 1.32082E-01 
612 |61300000|     498     |     503     | 5.02989E+02 |     498     | 1.52116E-01 
613 |61400000|     498     |     503     | 5.02985E+02 |     498     | 1.75672E-01 
614 |61500000|     498     |     503     | 5.02979E+02 |     498     | 2.04912E-01 
615 |61600000|     498     |     503     | 5.02973E+02 |     498     | 2.34287E-01 
616 |61700000|     498     |     503     | 5.02964E+02 |     498     | 2.66039E-01 
617 |61800000|     498     |     503     | 5.02953E+02 |     498     | 3.05947E-01 
618 |61900000|     498     |     503     | 5.02937E+02 |     498     | 3.52528E-01 
619 |62000000|     498     |     503     | 5.02917E+02 |     498     | 4.04167E-01 
620 |62100000|     498     |     503     | 5.02888E+02 |     498     | 4.65287E-01 
621 |62200000|     498     |     503     | 5.02848E+02 |     498     | 5.38748E-01 
622 |62300000|     498     |     503     | 5.02788E+02 |     498     | 6.25140E-01 
623 |62400000|     498     |     503     | 5.02701E+02 |     498     | 7.25886E-01 
624 |62500000|     498     |     503     | 5.02575E+02 |     498     | 8.38354E-01 
625 |62600000|     498     |     503     | 5.02389E+02 |     498     | 9.50868E-01 
626 |62700000|     498     |     503     | 5.02113E+02 |     498     | 1.04276E+00 
627 |62800000|     498     |     503     | 5.01760E+02 |     498     | 1.06088E+00 
628 |62900000|     498     |     503     | 5.01379E+02 |     498     | 9.66708E-01 
629 |63000000|     498     |     503     | 5.00978E+02 |     498     | 7.04479E-01 
630 |63100000|     498     |     501     | 5.00785E+02 |     498     | 6.85057E-01 
631 |63200000|     498     |     501     | 5.00667E+02 |     498     | 8.31479E-01 
632 |63300000|     498     |     501     | 5.00495E+02 |     498     | 9.84884E-01 
633 |63400000|     498     |     501     | 5.00251E+02 |     498     | 1.13039E+00 
634 |63500000|     498     |     501     | 4.99939E+02 |     498     | 1.23129E+00 
635 |63600000|     498     |     501     | 4.99569E+02 |     498     | 1.26181E+00 
636 |63700000|     498     |     501     | 4.99158E+02 |     498     | 1.18635E+00 
637 |63800000|     497     |     501     | 4.98723E+02 |     497     | 9.39385E-01 
638 |63900000|     497     |     500     | 4.98361E+02 |     497     | 5.72321E-01 
639 |64000000|     497     |     499     | 4.98171E+02 |     497     | 3.76783E-01 
640 |64100000|     497     |     499     | 4.98029E+02 |     497     | 1.68505E-01 
641 |64200000|     497     |     498     | 4.98000E+02 |     497     | 1.78857E-02 
642 |64300000|     497     |     498     | 4.97999E+02 |     497     | 2.27976E-02 
643 |64400000|     497     |     498     | 4.97999E+02 |     497     | 2.80958E-02 
644 |64500000|     497     |     498     | 4.97999E+02 |     497     | 3.35965E-02 
645 |64600000|     497     |     498     | 4.97998E+02 |     497     | 4.08315E-02 
646 |64700000|     497     |     498     | 4.97997E+02 |     497     | 5.18913E-02 
647 |64800000|     497     |     498     | 4.97996E+02 |     497     | 6.39774E-02 
648 |64900000|     497     |     498     | 4.97994E+02 |     497     | 7.92468E-02 
649 |65000000|     497     |     498     | 4.97990E+02 |     497     | 9.87572E-02 
650 |65100000|     497     |     498     | 4.97985E+02 |     497     | 1.20551E-01 
651 |65200000|     497     |     498     | 4.97978E+02 |     497     | 1.48142E-01 
652 |65300000|     497     |     498     | 4.97966E+02 |     497     | 1.81589E-01 
653 |65400000|     497     |     498     | 4.97948E+02 |     497     | 2.22973E-01 
654 |65500000|     497     |     498     | 4.97921E+02 |     497     | 2.70440E-01 
655 |65600000|     497     |     498     | 4.97880E+02 |     497     | 3.24399E-01 
656 |65700000|     497     |     498     | 4.97820E+02 |     497     | 3.83921E-01 
657 |65800000|     497     |     498     | 4.97735E+02 |     497     | 4.41488E-01 
658 |65900000|     497     |     498     | 4.97613E+02 |     497     | 4.87015E-01 
659 |66000000|     497     |     498     | 4.97460E+02 |     497     | 4.98417E-01 
660 |66100000|     497     |     498     | 4.97291E+02 |     497     | 4.54122E-01 
661 |66200000|     497     |     498     | 4.97122E+02 |     497     | 3.26800E-01 
662 |66300000|     497     |     497     | 4.97000E+02 |     497     | 0.00000E+00 
663 |66400000|     497     |     497     | 4.97000E+02 |     497     | 0.00000E+00 
664 |66500000|     497     |     497     | 4.97000E+02 |     497     | 0.00000E+00 
665 |66600000|     497     |     497     | 4.97000E+02 |     497     | 0.00000E+00 
666 |66700000|     497     |     497     | 4.97000E+02 |     497     | 0.00000E+00 
667 |66800000|     497     |     497     | 4.97000E+02 |     497     | 0.00000E+00 
668 |66900000|     497     |     497     | 4.97000E+02 |     497     | 0.00000E+00 
669 |67000000|     497     |     497     | 4.97000E+02 |     497     | 0.00000E+00 
670 |67100000|     497     |     497     | 4.97000E+02 |     497     | 0.00000E+00 
671 |67200000|     497     |     497     | 4.97000E+02 |     497     | 0.00000E+00 
672 |67300000|     497     |     497     | 4.97000E+02 |     497     | 0.00000E+00 
673 |67400000|     497     |     497     | 4.97000E+02 |     497     | 0.00000E+00 
674 |67500000|     497     |     497     | 4.97000E+02 |     497     | 0.00000E+00 
675 |67600000|     497     |     497     | 4.97000E+02 |     497     | 0.00000E+00 
676 |67700000|     497     |     497     | 4.97000E+02 |     497     | 0.00000E+00 
677 |67800000|     497     |     497     | 4.97000E+02 |     497     | 0.00000E+00 
678 |67900000|     497     |     497     | 4.97000E+02 |     497     | 0.00000E+00 
679 |68000000|     497     |     497     | 4.97000E+02 |     497     | 0.00000E+00 
680 |68100000|     497     |     497     | 4.97000E+02 |     497     | 0.00000E+00 
681 |68200000|     497     |     497     | 4.97000E+02 |     497     | 0.00000E+00 
682 |68300000|     497     |     497     | 4.97000E+02 |     497     | 0.00000E+00 
683 |68400000|     497     |     497     | 4.97000E+02 |     497     | 0.00000E+00 
684 |68500000|     497     |     497     | 4.97000E+02 |     497     | 0.00000E+00 
685 |68600000|     497     |     497     | 4.97000E+02 |     497     | 0.00000E+00 
686 |68700000|     497     |     497     | 4.97000E+02 |     497     | 0.00000E+00 
687 |68800000|     497     |     497     | 4.97000E+02 |     497     | 0.00000E+00 
688 |68900000|     497     |     497     | 4.97000E+02 |     497     | 0.00000E+00 
689 |69000000|     497     |     497     | 4.97000E+02 |     497     | 0.00000E+00 
690 |69100000|     497     |     497     | 4.97000E+02 |     497     | 0.00000E+00 
691 |69200000|     497     |     497     | 4.97000E+02 |     497     | 0.00000E+00 
692 |69300000|     497     |     497     | 4.97000E+02 |     497     | 0.00000E+00 
693 |69400000|     497     |     497     | 4.97000E+02 |     497     | 0.00000E+00 
694 |69500000|     497     |     497     | 4.97000E+02 |     497     | 0.00000E+00 
695 |69600000|     497     |     497     | 4.97000E+02 |     497     | 0.00000E+00 
696 |69700000|     497     |     497     | 4.97000E+02 |     497     | 0.00000E+00 
697 |69800000|     497     |     497     | 4.97000E+02 |     497     | 0.00000E+00 
698 |69900000|     497     |     497     | 4.97000E+02 |     497     | 0.00000E+00 
699 |70000000|     497     |     497     | 4.97000E+02 |     497     | 0.00000E+00 
700 |70100000|     497     |     497     | 4.97000E+02 |     497     | 0.00000E+00 
Process finished with exit code 0
